# Weight
5

# MZV algebra basis
(3,)
(5,)

# MZV monomial basis
(0, 0)
(1, 0)
(0, 1)

# MZV in monomial basis
(1, 3): (0, 0, 0)
(1, 3, 1): (0, 0, -1/2)
(1, 1, 1, 1): (0, 0, 0)
(2, 1): (0, 1, 0)
(4,): (0, 0, 0)
(1, 2): (0, -2, 0)
(1,): (0, 0, 0)
(3,): (0, 1, 0)
(5,): (0, 0, 1)
(1, 1, 1, 2): (0, 0, -4)
(2, 2): (0, 0, 0)
(4, 1): (0, 0, 2)
(1, 1): (0, 0, 0)
(1, 2, 1): (0, 0, 0)
(3, 2): (0, 0, -11/2)
(3, 1, 1): (0, 0, 2)
(1, 2, 2): (0, 0, 2)
(1, 1, 2, 1): (0, 0, 6)
(2, 1, 1, 1): (0, 0, 1)
(1, 4): (0, 0, -3)
(2, 3): (0, 0, 9/2)
(2, 1, 2): (0, 0, 9/2)
(1, 1, 1): (0, 1/3, 0)
(1, 1, 3): (0, 0, -1/2)
(2,): (0, 0, 0)
(1, 2, 1, 1): (0, 0, -4)
(3, 1): (0, 0, 0)
(1, 1, 2): (0, 0, 0)
(2, 2, 1): (0, 0, -11/2)
(): (1, 0, 0)
(2, 1, 1): (0, 0, 0)
(1, 1, 1, 1, 1): (0, 0, 1/5)

# MHS in MZV monomial basis
(1, 3): [0, 0, 1/2]
(1, 3, 1): [0, 0, 0]
(1, 1, 1, 1): [0, 0, -1]
(2, 1): [0, 3, 11/2]
(1, 1, 2): [0, 0, 3]
(1, 2): [0, -3, 1/2]
(1,): [0, -1, -1]
(3,): [0, 0, -6]
(5,): [0, 0, 0]
(1, 1, 1, 2): [0, 0, -5]
(2, 2): [0, 0, -2]
(4, 1): [0, 0, 5]
(1, 1): [0, -1, -2]
(1, 2, 1): [0, 0, -9/2]
(3, 2): [0, 0, -10]
(3, 1, 1): [0, 0, 5/2]
(1, 2, 2): [0, 0, 15/2]
(1, 1, 2, 1): [0, 0, 10]
(2, 1, 1, 1): [0, 0, 5]
(1, 4): [0, 0, -5]
(2, 3): [0, 0, 10]
(2, 1, 2): [0, 0, 0]
(1, 1, 1): [0, 0, -2]
(1, 1, 3): [0, 0, -5/2]
(2,): [0, 2, 4]
(1, 2, 1, 1): [0, 0, -10]
(3, 1): [0, 0, -9/2]
(4,): [0, 0, 4]
(2, 2, 1): [0, 0, -15/2]
(): [1, 0, 0]
(2, 1, 1): [0, 0, 11/2]
(1, 1, 1, 1, 1): [0, 0, 0]

# MHS basis
()
(2, 1)
(4, 1)

# MZV monomials to MHS basis
[1, 0, 0]
[0, 1/3, -11/30]
[0, 0, 1/5]

