# Weight
7

# MZV algebra basis
(3,)
(5,)
(7,)

# MZV monomial basis
(0, 0, 0)
(1, 0, 0)
(0, 1, 0)
(2, 0, 0)
(0, 0, 1)

# MZV in monomial basis
(1, 2, 1, 1, 2): (0, 0, 0, 0, -4)
(1, 1, 1, 1, 2): (0, 0, 0, -2/3, 0)
(1, 6): (0, 0, 0, 0, -4)
(2, 3, 1, 1): (0, 0, 0, 0, 5/8)
(2, 5): (0, 0, 0, 0, 10)
(2, 1, 1, 1, 1, 1): (0, 0, 0, 0, 1)
(1, 1, 2, 2): (0, 0, 0, 2, 0)
(2, 1, 2, 1): (0, 0, 0, 1/2, 0)
(2, 1, 2, 2): (0, 0, 0, 0, -291/16)
(4, 1, 2): (0, 0, 0, 0, 5/8)
(1, 2, 2, 1): (0, 0, 0, -4, 0)
(1, 1, 1, 4): (0, 0, 0, 0, -109/16)
(3, 2, 2): (0, 0, 0, 0, 157/16)
(7,): (0, 0, 0, 0, 1)
(1, 1): (0, 0, 0, 0, 0)
(3, 2): (0, 0, -11/2, 0, 0)
(1, 2, 2): (0, 0, 2, 0, 0)
(4, 1, 1): (0, 0, 0, -1, 0)
(1, 2, 4): (0, 0, 0, 0, 115/16)
(1, 1, 1, 3): (0, 0, 0, -2/3, 0)
(3, 1): (0, 0, 0, 0, 0)
(4, 1, 1, 1): (0, 0, 0, 0, 5)
(1, 2, 1, 1, 1): (0, 0, 0, 0, 0)
(1, 5, 1): (0, 0, 0, 0, -2)
(1, 1, 1, 1, 1): (0, 0, 1/5, 0, 0)
(1, 3, 3): (0, 0, 0, 0, -51/8)
(1, 4, 2): (0, 0, 0, 0, 115/16)
(1, 3, 1): (0, 0, -1/2, 0, 0)
(2, 1): (0, 1, 0, 0, 0)
(3, 3, 1): (0, 0, 0, 0, 61/8)
(1, 1, 1, 2, 1): (0, 0, 0, 1/3, 0)
(1, 2, 1, 3): (0, 0, 0, 0, -67/16)
(5, 1): (0, 0, 0, -1/2, 0)
(2, 3, 2): (0, 0, 0, 0, 75/8)
(1,): (0, 0, 0, 0, 0)
(1, 1, 4, 1): (0, 0, 0, 0, 61/8)
(5, 1, 1): (0, 0, 0, 0, 5)
(1, 5): (0, 0, 0, 1/2, 0)
(2, 2): (0, 0, 0, 0, 0)
(1, 1, 2, 1, 2): (0, 0, 0, 0, 3)
(1, 2, 2, 1, 1): (0, 0, 0, 0, 10)
(4, 1): (0, 0, 2, 0, 0)
(1, 1, 1, 1, 1, 1): (0, 0, 0, 1/18, 0)
(2, 1, 1, 1): (0, 0, 1, 0, 0)
(1, 1, 2, 1): (0, 0, 6, 0, 0)
(2, 1, 2, 1, 1): (0, 0, 0, 0, 17)
(1, 1, 1, 1, 1, 1, 1): (0, 0, 0, 0, 1/7)
(1, 2, 2, 2): (0, 0, 0, 0, -2)
(2, 2, 3): (0, 0, 0, 0, -291/16)
(2, 1, 3): (0, 0, 0, 1, 0)
(3, 1, 1, 1, 1): (0, 0, 0, 0, 3)
(2, 2, 1): (0, 0, -11/2, 0, 0)
(2,): (0, 0, 0, 0, 0)
(6, 1): (0, 0, 0, 0, 3)
(2, 1, 1): (0, 0, 0, 0, 0)
(4, 2, 1): (0, 0, 0, 0, -221/16)
(1, 1, 2): (0, 0, 0, 0, 0)
(1, 1, 4): (0, 0, 0, -1/2, 0)
(1, 3, 2, 1): (0, 0, 0, 0, 131/8)
(1, 3): (0, 0, 0, 0, 0)
(2, 1, 3, 1): (0, 0, 0, 0, -1/4)
(2, 1, 1, 1, 2): (0, 0, 0, 0, 10)
(2, 2, 2, 1): (0, 0, 0, 0, 157/16)
(1, 1, 1, 1, 1, 2): (0, 0, 0, 0, -6)
(1, 4, 1, 1): (0, 0, 0, 0, -109/16)
(1, 1, 1, 1): (0, 0, 0, 0, 0)
(1, 1, 1, 2, 1, 1): (0, 0, 0, 0, -20)
(1, 1, 2, 1, 1, 1): (0, 0, 0, 0, 15)
(1, 1, 3, 1): (0, 0, 0, 1/2, 0)
(1, 1, 3, 2): (0, 0, 0, 0, -179/16)
(1, 1, 1): (0, 1/3, 0, 0, 0)
(2, 1, 1, 3): (0, 0, 0, 0, 61/8)
(1, 1, 3, 1, 1): (0, 0, 0, 0, 3)
(1, 4, 1): (0, 0, 0, 3/2, 0)
(3,): (0, 1, 0, 0, 0)
(1, 1, 1, 1, 3): (0, 0, 0, 0, -4)
(3, 1, 3): (0, 0, 0, 0, -1/4)
(1, 2, 1, 2): (0, 0, 0, 2, 0)
(3, 1, 1): (0, 0, 2, 0, 0)
(3, 2, 1): (0, 0, 0, 3, 0)
(1, 4): (0, 0, -3, 0, 0)
(1, 2, 3): (0, 0, 0, 1, 0)
(2, 3): (0, 0, 9/2, 0, 0)
(1, 3, 1, 1): (0, 0, 0, 1, 0)
(3, 1, 2, 1): (0, 0, 0, 0, 61/8)
(4, 2): (0, 0, 0, 1, 0)
(1, 3, 1, 2): (0, 0, 0, 0, -67/16)
(2, 2, 1, 1, 1): (0, 0, 0, 0, -11)
(4,): (0, 0, 0, 0, 0)
(): (1, 0, 0, 0, 0)
(1, 1, 2, 3): (0, 0, 0, 0, 131/8)
(1, 1, 2, 2, 1): (0, 0, 0, 0, -18)
(2, 4): (0, 0, 0, -1, 0)
(2, 2, 1, 1): (0, 0, 0, 1, 0)
(1, 3, 2): (0, 0, 0, -3, 0)
(1, 1, 1, 3, 1): (0, 0, 0, 0, 3)
(1, 2, 1): (0, 0, 0, 0, 0)
(2, 2, 1, 2): (0, 0, 0, 0, 75/8)
(1, 1, 2, 1, 1): (0, 0, 0, 0, 0)
(2, 4, 1): (0, 0, 0, 0, -109/16)
(2, 3, 1): (0, 0, 0, -3/2, 0)
(1, 2): (0, -2, 0, 0, 0)
(3, 3): (0, 0, 0, 1/2, 0)
(3, 1, 1, 1): (0, 0, 0, -1/2, 0)
(5,): (0, 0, 1, 0, 0)
(3, 1, 1, 2): (0, 0, 0, 0, -109/16)
(1, 1, 1, 2): (0, 0, -4, 0, 0)
(1, 1, 1, 2, 2): (0, 0, 0, 0, 10)
(1, 2, 1, 2, 1): (0, 0, 0, 0, 3)
(3, 1, 2): (0, 0, 0, -3/2, 0)
(4, 3): (0, 0, 0, 0, 17)
(2, 1, 1, 2): (0, 0, 0, -1, 0)
(2, 1, 4): (0, 0, 0, 0, 61/8)
(2, 1, 1, 2, 1): (0, 0, 0, 0, -18)
(1, 2, 1, 1, 1, 1): (0, 0, 0, 0, -6)
(2, 1, 2): (0, 0, 9/2, 0, 0)
(3, 4): (0, 0, 0, 0, -18)
(1, 3, 1, 1, 1): (0, 0, 0, 0, -4)
(1, 2, 3, 1): (0, 0, 0, 0, -179/16)
(2, 2, 2): (0, 0, 0, 0, 0)
(2, 1, 1, 1, 1): (0, 0, 0, 0, 0)
(1, 1, 3): (0, 0, -1/2, 0, 0)
(5, 2): (0, 0, 0, 0, -11)
(1, 2, 1, 1): (0, 0, -4, 0, 0)
(6,): (0, 0, 0, 0, 0)
(1, 1, 5): (0, 0, 0, 0, -2)
(3, 2, 1, 1): (0, 0, 0, 0, -221/16)
(1, 1, 1, 1, 2, 1): (0, 0, 0, 0, 15)

# MHS in MZV monomial basis
(1, 2, 1, 1, 2): [0, 0, 0, 0, 14]
(1, 1, 1, 1, 2): [0, 0, 0, 0, 4]
(1, 6): [0, 0, 0, 0, -7]
(1, 4, 2): [0, 0, 0, 0, 14]
(2, 5): [0, 0, 0, 0, 21]
(2, 1, 1, 1, 1, 1): [0, 0, 0, 0, 7]
(1, 1, 2, 2): [0, 0, 0, 3, -115/16]
(2, 1, 2, 1): [0, 0, 0, 9/2, -75/8]
(2, 1, 2, 2): [0, 0, 0, 0, -441/16]
(1, 3, 1, 2): [0, 0, 0, 0, -63/16]
(1, 2, 2, 1): [0, 0, 0, -9, 291/16]
(2, 1, 1, 1, 2): [0, 0, 0, 0, 0]
(3, 2, 2): [0, 0, 0, 0, 28]
(7,): [0, 0, 0, 0, 0]
(1, 1): [0, -1, -2, 1/2, -3]
(3, 2): [0, 0, -10, 2, -3]
(1, 2, 2): [0, 0, 15/2, -3, 179/16]
(4, 1, 1): [0, 0, 0, -3/2, 109/16]
(1, 2, 4): [0, 0, 0, 0, 21]
(1, 1, 1, 3): [0, 0, 0, -3/2, 2]
(3, 1): [0, 0, -9/2, 1/2, -17]
(4, 1, 1, 1): [0, 0, 0, 0, 189/16]
(1, 5, 1): [0, 0, 0, 0, 0]
(1, 1, 1, 1, 1): [0, 0, 0, 0, -3]
(1, 3, 3): [0, 0, 0, 0, -14]
(2, 3, 1, 1): [0, 0, 0, 0, 189/16]
(1, 3, 1): [0, 0, 0, 0, 1/4]
(2, 1): [0, 3, 11/2, -1, 11]
(3, 3, 1): [0, 0, 0, 0, 14]
(1, 1, 1, 2, 1): [0, 0, 0, 0, -10]
(1, 2, 1, 3): [0, 0, 0, 0, -189/16]
(5, 1): [0, 0, 0, 0, -10]
(2, 3, 2): [0, 0, 0, 0, 0]
(1,): [0, -1, -1, 0, -1]
(1, 1, 4, 1): [0, 0, 0, 0, 231/16]
(5, 1, 1): [0, 0, 0, 0, 7]
(1, 5): [0, 0, 0, 0, 4]
(2, 2): [0, 0, -2, 2, -10]
(1, 1, 2, 1, 2): [0, 0, 0, 0, -14]
(1, 2, 2, 1, 1): [0, 0, 0, 0, 28]
(4, 1): [0, 0, 5, -1, 18]
(1, 1, 1, 1, 1, 1): [0, 0, 0, 0, -1]
(2, 1, 1, 2, 1): [0, 0, 0, 0, -14]
(1, 1, 2, 1): [0, 0, 10, -2, 109/16]
(2, 1, 2, 1, 1): [0, 0, 0, 0, 14]
(1, 1, 1, 1, 1, 1, 1): [0, 0, 0, 0, 0]
(1, 2, 2, 2): [0, 0, 0, 0, -189/16]
(2, 2, 3): [0, 0, 0, 0, -28]
(2, 1, 3): [0, 0, 0, 3/2, 179/16]
(3, 1, 1, 1, 1): [0, 0, 0, 0, 7]
(2, 2, 1): [0, 0, -15/2, 6, -157/16]
(2,): [0, 2, 4, 0, 6]
(6, 1): [0, 0, 0, 0, 7]
(2, 1, 1): [0, 0, 11/2, -2, 221/16]
(4, 2, 1): [0, 0, 0, 0, -21]
(1, 1, 2): [0, 0, 3, 3/2, 109/16]
(3, 1, 2): [0, 0, 0, 3/2, 67/16]
(1, 1, 4): [0, 0, 0, -3/2, 109/16]
(1, 3, 2, 1): [0, 0, 0, 0, 441/16]
(1, 3): [0, 0, 1/2, -1/2, -3]
(2, 1, 2): [0, 0, 0, -3, -131/8]
(1, 1, 1, 4): [0, 0, 0, 0, -189/16]
(3,): [0, 0, -6, 0, -15]
(1, 1, 1, 1, 1, 2): [0, 0, 0, 0, -7]
(1, 4, 1, 1): [0, 0, 0, 0, -231/16]
(1, 1, 1, 1): [0, 0, -1, 1/2, -5]
(1, 1, 1, 2, 1, 1): [0, 0, 0, 0, -35]
(1, 1, 2, 1, 1, 1): [0, 0, 0, 0, 35]
(1, 1, 3, 1): [0, 0, 0, 3/2, -61/8]
(1, 1, 3, 2): [0, 0, 0, 0, -189/16]
(1, 3, 1, 1, 1): [0, 0, 0, 0, -7]
(2, 1, 1, 3): [0, 0, 0, 0, 231/16]
(1, 1, 1, 3, 1): [0, 0, 0, 0, 7]
(1, 4, 1): [0, 0, 0, 3, -61/8]
(2, 2, 2, 1): [0, 0, 0, 0, 189/16]
(1, 1, 1, 1, 3): [0, 0, 0, 0, -7]
(3, 1, 3): [0, 0, 0, 0, 0]
(1, 2, 1, 2): [0, 0, 0, 9/2, 51/8]
(3, 1, 1): [0, 0, 5/2, -1/2, -61/8]
(3, 2, 1): [0, 0, 0, 3, -75/8]
(1, 4): [0, 0, -5, 1, -3]
(1, 2, 3): [0, 0, 0, 3, -131/8]
(2, 3): [0, 0, 10, -2, 18]
(1, 3, 1, 1): [0, 0, 0, 3/2, 1/4]
(3, 1, 2, 1): [0, 0, 0, 0, 189/16]
(4, 2): [0, 0, 0, 0, 4]
(4, 1, 2): [0, 0, 0, 0, -7]
(2, 2, 1, 1, 1): [0, 0, 0, 0, -21]
(4,): [0, 0, 4, 0, 20]
(): [1, 0, 0, 0, 0]
(1, 1, 2, 3): [0, 0, 0, 0, 483/16]
(1, 1, 2, 2, 1): [0, 0, 0, 0, -28]
(2, 4): [0, 0, 0, 0, -10]
(2, 2, 1, 1): [0, 0, 0, 3, -157/16]
(1, 3, 2): [0, 0, 0, -9/2, 67/16]
(1, 1, 3, 1, 1): [0, 0, 0, 0, 0]
(1, 2, 1): [0, 0, -9/2, -3/2, -5/8]
(2, 2, 1, 2): [0, 0, 0, 0, 441/16]
(1, 1, 2, 1, 1): [0, 0, 0, 0, 18]
(2, 4, 1): [0, 0, 0, 0, -14]
(2, 3, 1): [0, 0, 0, -9/2, 291/16]
(1, 2): [0, -3, 1/2, -1, 4]
(3, 3): [0, 0, 0, 0, -3]
(3, 1, 1, 1): [0, 0, 0, -3/2, -5/8]
(5,): [0, 0, 0, 0, -15]
(3, 1, 1, 2): [0, 0, 0, 0, -231/16]
(1, 1, 1, 2): [0, 0, -5, 5/2, 2]
(1, 1, 1, 2, 2): [0, 0, 0, 0, 21]
(1, 2, 1, 2, 1): [0, 0, 0, 0, 0]
(1, 2, 1, 1, 1): [0, 0, 0, 0, -17]
(1, 1, 5): [0, 0, 0, 0, -7]
(2, 1, 1, 2): [0, 0, 0, -6, -115/16]
(2, 1, 4): [0, 0, 0, 0, 7]
(2, 1, 1, 1): [0, 0, 5, -1, 221/16]
(1, 2, 1, 1, 1, 1): [0, 0, 0, 0, -21]
(2, 1, 3, 1): [0, 0, 0, 0, 63/16]
(3, 4): [0, 0, 0, 0, -35]
(1, 1, 1): [0, 0, -2, 1, -5]
(1, 2, 3, 1): [0, 0, 0, 0, -441/16]
(2, 2, 2): [0, 0, 0, 0, 2]
(2, 1, 1, 1, 1): [0, 0, 0, 0, 11]
(1, 1, 3): [0, 0, -5/2, 1/2, -61/8]
(1, 1, 1, 1, 2, 1): [0, 0, 0, 0, 21]
(1, 2, 1, 1): [0, 0, -10, 1/2, -61/8]
(6,): [0, 0, 0, 0, 6]
(4, 3): [0, 0, 0, 0, 35]
(3, 2, 1, 1): [0, 0, 0, 0, -483/16]
(5, 2): [0, 0, 0, 0, -21]

# MHS basis
()
(2, 1)
(4, 1)
(4, 1, 1)
(6, 1)

# MZV monomials to MHS basis
[1, 0, 0, 0, 0]
[0, 1/3, -11/30, 1/45, 2003/5040]
[0, 0, 1/5, -2/15, -323/840]
[0, 0, 0, -2/3, 109/168]
[0, 0, 0, 0, 1/7]

