# Weight
8

# MZV algebra basis
(3,)
(5,)
(7,)
(5, 3)

# MZV monomial basis
(0, 0, 0, 0)
(1, 0, 0, 0)
(0, 1, 0, 0)
(2, 0, 0, 0)
(0, 0, 1, 0)
(1, 1, 0, 0)
(0, 0, 0, 1)

# MZV in monomial basis
(1, 1, 1, 2, 3): (0, 0, 0, 0, 0, 21/2, 2/5)
(4, 2, 2): (0, 0, 0, 0, 0, -11, -9/5)
(1, 3, 1, 3): (0, 0, 0, 0, 0, -1/2, 0)
(1, 2, 1, 1, 2): (0, 0, 0, 0, -4, 0, 0)
(4, 1, 1, 2): (0, 0, 0, 0, 0, -3, -6/5)
(1, 1, 1, 1, 2): (0, 0, 0, -2/3, 0, 0, 0)
(2, 2, 2, 2): (0, 0, 0, 0, 0, 0, 0)
(1, 6): (0, 0, 0, 0, -4, 0, 0)
(1, 1, 1, 1, 2, 2): (0, 0, 0, 0, 0, 26/3, 0)
(2, 3, 1, 1): (0, 0, 0, 0, 5/8, 0, 0)
(2, 3, 2, 1): (0, 0, 0, 0, 0, 27/2, 27/10)
(2, 5): (0, 0, 0, 0, 10, 0, 0)
(1, 2, 1, 1, 1, 1, 1): (0, 0, 0, 0, 0, 0, 0)
(2, 1, 1, 1, 1, 1): (0, 0, 0, 0, 1, 0, 0)
(3, 2, 3): (0, 0, 0, 0, 0, 49/2, 4)
(1, 1, 2, 2): (0, 0, 0, 2, 0, 0, 0)
(2, 1, 2, 1): (0, 0, 0, 1/2, 0, 0, 0)
(2, 1, 2, 1, 1, 1): (0, 0, 0, 0, 0, 0, 1)
(4, 1, 2, 1): (0, 0, 0, 0, 0, 11/2, 3/2)
(2, 1, 2, 2): (0, 0, 0, 0, -291/16, 0, 0)
(4, 1, 2): (0, 0, 0, 0, 5/8, 0, 0)
(1, 2, 2, 1): (0, 0, 0, -4, 0, 0, 0)
(1, 2, 3, 1, 1): (0, 0, 0, 0, 0, 6, 11/5)
(3, 1, 4): (0, 0, 0, 0, 0, -11/2, 0)
(1, 1, 1, 4): (0, 0, 0, 0, -109/16, 0, 0)
(3, 2, 2): (0, 0, 0, 0, 157/16, 0, 0)
(2, 1, 1, 1, 1, 2): (0, 0, 0, 0, 0, -2, 2/5)
(7,): (0, 0, 0, 0, 1, 0, 0)
(1, 1): (0, 0, 0, 0, 0, 0, 0)
(3, 2): (0, 0, -11/2, 0, 0, 0, 0)
(2, 1, 4, 1): (0, 0, 0, 0, 0, -8, -3/2)
(2, 2, 2, 1, 1): (0, 0, 0, 0, 0, -11, -9/5)
(1, 2, 2): (0, 0, 2, 0, 0, 0, 0)
(4, 1, 1, 1, 1): (0, 0, 0, 0, 0, -3, 0)
(8,): (0, 0, 0, 0, 0, 0, 0)
(3, 1, 1, 1, 1, 1): (0, 0, 0, 0, 0, -1, 0)
(1, 2, 1, 1, 3): (0, 0, 0, 0, 0, -2, -9/5)
(5, 1, 1, 1): (0, 0, 0, 0, 0, -4, 0)
(4, 1, 1): (0, 0, 0, -1, 0, 0, 0)
(1, 2, 4): (0, 0, 0, 0, 115/16, 0, 0)
(1, 1, 2, 2, 2): (0, 0, 0, 0, 0, -4, 0)
(2, 2, 1, 1, 1, 1): (0, 0, 0, 0, 0, 2, -2/5)
(3, 1, 1, 3): (0, 0, 0, 0, 0, -8, -3/2)
(1, 1, 1, 3): (0, 0, 0, -2/3, 0, 0, 0)
(1, 1, 1, 1, 2, 1, 1): (0, 0, 0, 0, 0, -4/3, 0)
(4, 1, 3): (0, 0, 0, 0, 0, -5/2, -1)
(1, 3, 1, 1, 1, 1): (0, 0, 0, 0, 0, 4, 2/5)
(1, 7): (0, 0, 0, 0, 0, 1, 0)
(3, 1): (0, 0, 0, 0, 0, 0, 0)
(4, 1, 1, 1): (0, 0, 0, 0, 5, 0, 0)
(1, 2, 1, 1, 1): (0, 0, 0, 0, 0, 0, 0)
(1, 2, 2, 1, 2): (0, 0, 0, 0, 0, -9, -4)
(6, 2): (0, 0, 0, 0, 0, 2, -2/5)
(1, 5, 1): (0, 0, 0, 0, -2, 0, 0)
(1, 5, 1, 1): (0, 0, 0, 0, 0, 11/2, 3/10)
(6, 1, 1): (0, 0, 0, 0, 0, -3, 0)
(1, 1, 1, 1, 1): (0, 0, 1/5, 0, 0, 0, 0)
(1, 3, 3): (0, 0, 0, 0, -51/8, 0, 0)
(5, 2, 1): (0, 0, 0, 0, 0, 7, -7/10)
(2, 6): (0, 0, 0, 0, 0, -2, 2/5)
(1, 4, 2): (0, 0, 0, 0, 115/16, 0, 0)
(1, 1, 2, 3, 1): (0, 0, 0, 0, 0, -17, -23/10)
(1, 3, 1): (0, 0, -1/2, 0, 0, 0, 0)
(2, 1): (0, 1, 0, 0, 0, 0, 0)
(3, 3, 1): (0, 0, 0, 0, 61/8, 0, 0)
(1, 1, 1, 2, 1): (0, 0, 0, 1/3, 0, 0, 0)
(3, 4, 1): (0, 0, 0, 0, 0, 15/2, -3/2)
(1, 2, 1, 3): (0, 0, 0, 0, -67/16, 0, 0)
(5, 1): (0, 0, 0, -1/2, 0, 0, 0)
(2, 5, 1): (0, 0, 0, 0, 0, -17/2, -7/10)
(7, 1): (0, 0, 0, 0, 0, -1, 0)
(1, 1, 4, 1, 1): (0, 0, 0, 0, 0, -15/2, -3/2)
(1, 1, 3, 3): (0, 0, 0, 0, 0, 4, 27/10)
(2, 3, 2): (0, 0, 0, 0, 75/8, 0, 0)
(1,): (0, 0, 0, 0, 0, 0, 0)
(1, 2, 1, 2, 2): (0, 0, 0, 0, 0, -4, 4)
(2, 4, 2): (0, 0, 0, 0, 0, 20, 4)
(1, 1, 1, 1, 1, 1, 1, 1): (0, 0, 0, 0, 0, 1/15, 0)
(1, 1, 4, 1): (0, 0, 0, 0, 61/8, 0, 0)
(5, 1, 1): (0, 0, 0, 0, 5, 0, 0)
(1, 4, 3): (0, 0, 0, 0, 0, 9/2, -5/2)
(1, 5): (0, 0, 0, 1/2, 0, 0, 0)
(2, 2): (0, 0, 0, 0, 0, 0, 0)
(1, 1, 2, 1, 2): (0, 0, 0, 0, 3, 0, 0)
(1, 2, 2, 1, 1): (0, 0, 0, 0, 10, 0, 0)
(4, 1): (0, 0, 2, 0, 0, 0, 0)
(1, 2, 2, 2, 1): (0, 0, 0, 0, 0, 17, 0)
(1, 1, 1, 1, 1, 1): (0, 0, 0, 1/18, 0, 0, 0)
(1, 1, 1, 2, 1, 2): (0, 0, 0, 0, 0, 19/2, 4)
(1, 6, 1): (0, 0, 0, 0, 0, 5, 2/5)
(1, 1, 2, 1, 1, 1, 1): (0, 0, 0, 0, 0, 0, 0)
(2, 1, 1, 1): (0, 0, 1, 0, 0, 0, 0)
(1, 1, 2, 1): (0, 0, 6, 0, 0, 0, 0)
(1, 3, 4): (0, 0, 0, 0, 0, -3, 5/2)
(2, 1, 2, 1, 1): (0, 0, 0, 0, 17, 0, 0)
(1, 1, 2, 4): (0, 0, 0, 0, 0, 7, 3/10)
(1, 1, 1, 1, 1, 1, 1): (0, 0, 0, 0, 1/7, 0, 0)
(2, 1, 2, 3): (0, 0, 0, 0, 0, -18, -27/5)
(1, 2, 4, 1): (0, 0, 0, 0, 0, -5, 21/10)
(3, 3, 2): (0, 0, 0, 0, 0, -33/2, -13/10)
(1, 2, 2, 2): (0, 0, 0, 0, -2, 0, 0)
(2, 2, 3, 1): (0, 0, 0, 0, 0, 33/2, 9/5)
(2, 1, 1, 3, 1): (0, 0, 0, 0, 0, -11/2, 0)
(2, 2, 3): (0, 0, 0, 0, -291/16, 0, 0)
(2, 1, 5): (0, 0, 0, 0, 0, 11/2, 1)
(2, 1, 3): (0, 0, 0, 1, 0, 0, 0)
(2, 1, 1, 1, 2, 1): (0, 0, 0, 0, 0, 1, -1)
(3, 1, 1, 1, 1): (0, 0, 0, 0, 3, 0, 0)
(2, 1, 2, 2, 1): (0, 0, 0, 0, 0, 49/2, 4)
(3, 1, 1, 2, 1): (0, 0, 0, 0, 0, 15/2, -3/2)
(2, 2, 1): (0, 0, -11/2, 0, 0, 0, 0)
(2,): (0, 0, 0, 0, 0, 0, 0)
(6, 1): (0, 0, 0, 0, 3, 0, 0)
(2, 1, 1): (0, 0, 0, 0, 0, 0, 0)
(1, 1, 3, 1, 1, 1): (0, 0, 0, 0, 0, -5, -1)
(4, 2, 1): (0, 0, 0, 0, -221/16, 0, 0)
(1, 1, 2): (0, 0, 0, 0, 0, 0, 0)
(1, 1, 1, 1, 1, 3): (0, 0, 0, 0, 0, -119/30, -2/5)
(1, 1, 3, 1, 2): (0, 0, 0, 0, 0, 6, 1)
(1, 1, 5, 1): (0, 0, 0, 0, 0, 2, 0)
(1, 2, 2, 3): (0, 0, 0, 0, 0, -13, 9/5)
(1, 1, 4): (0, 0, 0, -1/2, 0, 0, 0)
(1, 3, 2, 1): (0, 0, 0, 0, 131/8, 0, 0)
(1, 1, 2, 1, 3): (0, 0, 0, 0, 0, 11/2, 17/10)
(1, 3): (0, 0, 0, 0, 0, 0, 0)
(2, 1, 3, 1): (0, 0, 0, 0, -1/4, 0, 0)
(1, 4, 1, 2): (0, 0, 0, 0, 0, 23/2, 33/10)
(2, 1, 1, 1, 2): (0, 0, 0, 0, 10, 0, 0)
(2, 2, 2, 1): (0, 0, 0, 0, 157/16, 0, 0)
(1, 1, 1, 1, 1, 2): (0, 0, 0, 0, -6, 0, 0)
(1, 1, 6): (0, 0, 0, 0, 0, -2, -2/5)
(1, 4, 1, 1): (0, 0, 0, 0, -109/16, 0, 0)
(1, 1, 1, 1): (0, 0, 0, 0, 0, 0, 0)
(1, 1, 1, 2, 1, 1): (0, 0, 0, 0, -20, 0, 0)
(2, 1, 3, 2): (0, 0, 0, 0, 0, 8, 27/10)
(1, 1, 2, 1, 1, 1): (0, 0, 0, 0, 15, 0, 0)
(1, 2, 1, 1, 1, 2): (0, 0, 0, 0, 0, 8, 0)
(2, 2, 1, 1, 2): (0, 0, 0, 0, 0, 20, 4)
(1, 1, 3, 1): (0, 0, 0, 1/2, 0, 0, 0)
(2, 1, 1, 4): (0, 0, 0, 0, 0, 9, 3)
(1, 1, 1, 1, 1, 2, 1): (0, 0, 0, 0, 0, 11/5, 0)
(1, 1, 3, 2): (0, 0, 0, 0, -179/16, 0, 0)
(1, 1, 1): (0, 1/3, 0, 0, 0, 0, 0)
(2, 1, 1, 3): (0, 0, 0, 0, 61/8, 0, 0)
(1, 1, 3, 1, 1): (0, 0, 0, 0, 3, 0, 0)
(2, 2, 1, 3): (0, 0, 0, 0, 0, 8, 27/10)
(1, 4, 1): (0, 0, 0, 3/2, 0, 0, 0)
(3,): (0, 1, 0, 0, 0, 0, 0)
(1, 1, 4, 2): (0, 0, 0, 0, 0, -9/2, -21/10)
(2, 3, 1, 1, 1): (0, 0, 0, 0, 0, 5/2, 2/5)
(1, 3, 2, 1, 1): (0, 0, 0, 0, 0, -13, -2/5)
(1, 1, 1, 1, 3): (0, 0, 0, 0, -4, 0, 0)
(1, 1, 1, 2, 2, 1): (0, 0, 0, 0, 0, -155/6, -4)
(3, 1, 3): (0, 0, 0, 0, -1/4, 0, 0)
(1, 1, 2, 1, 2, 1): (0, 0, 0, 0, 0, 6, 0)
(3, 5): (0, 0, 0, 0, 0, 1, -1)
(1, 1, 1, 3, 2): (0, 0, 0, 0, 0, -71/6, -11/5)
(1, 2, 1, 2): (0, 0, 0, 2, 0, 0, 0)
(3, 1, 1): (0, 0, 2, 0, 0, 0, 0)
(3, 2, 1): (0, 0, 0, 3, 0, 0, 0)
(1, 1, 1, 1, 1, 1, 2): (0, 0, 0, 0, 0, -26/15, 0)
(1, 4): (0, 0, -3, 0, 0, 0, 0)
(1, 2, 3): (0, 0, 0, 1, 0, 0, 0)
(2, 1, 1, 1, 3): (0, 0, 0, 0, 0, 11/2, 1)
(3, 1, 2, 2): (0, 0, 0, 0, 0, 33/2, 9/5)
(2, 3): (0, 0, 9/2, 0, 0, 0, 0)
(2, 1, 3, 1, 1): (0, 0, 0, 0, 0, -5/2, -1)
(1, 3, 1, 1): (0, 0, 0, 1, 0, 0, 0)
(3, 1, 2, 1): (0, 0, 0, 0, 61/8, 0, 0)
(4, 2): (0, 0, 0, 1, 0, 0, 0)
(1, 3, 1, 2): (0, 0, 0, 0, -67/16, 0, 0)
(1, 2, 5): (0, 0, 0, 0, 0, 4, 3/10)
(2, 2, 1, 1, 1): (0, 0, 0, 0, -11, 0, 0)
(5, 3): (0, 0, 0, 0, 0, 0, 1)
(2, 2, 1, 2, 1): (0, 0, 0, 0, 0, -33/2, -13/10)
(1, 4, 2, 1): (0, 0, 0, 0, 0, -31/2, -3/10)
(2, 1, 1, 1, 1, 1, 1): (0, 0, 0, 0, 0, 0, 0)
(3, 2, 1, 1, 1): (0, 0, 0, 0, 0, 7, -7/10)
(1, 1, 1, 4, 1): (0, 0, 0, 0, 0, 61/6, 3/2)
(2, 3, 1, 2): (0, 0, 0, 0, 0, -27, -27/5)
(4,): (0, 0, 0, 0, 0, 0, 0)
(3, 2, 2, 1): (0, 0, 0, 0, 0, -33, -18/5)
(1, 1, 1, 1, 3, 1): (0, 0, 0, 0, 0, 35/6, 1)
(): (1, 0, 0, 0, 0, 0, 0)
(1, 1, 1, 1, 4): (0, 0, 0, 0, 0, -11/2, -3/10)
(1, 1, 2, 3): (0, 0, 0, 0, 131/8, 0, 0)
(2, 1, 1, 2, 1, 1): (0, 0, 0, 0, 0, 0, 0)
(1, 2, 2, 1, 1, 1): (0, 0, 0, 0, 0, -10, 0)
(1, 1, 2, 2, 1): (0, 0, 0, 0, -18, 0, 0)
(2, 4): (0, 0, 0, -1, 0, 0, 0)
(1, 2, 1, 2, 1, 1): (0, 0, 0, 0, 0, 0, -4)
(2, 2, 1, 1): (0, 0, 0, 1, 0, 0, 0)
(1, 3, 2): (0, 0, 0, -3, 0, 0, 0)
(1, 1, 1, 3, 1): (0, 0, 0, 0, 3, 0, 0)
(1, 2, 1): (0, 0, 0, 0, 0, 0, 0)
(2, 2, 1, 2): (0, 0, 0, 0, 75/8, 0, 0)
(1, 1, 3, 2, 1): (0, 0, 0, 0, 0, 11, 23/10)
(1, 5, 2): (0, 0, 0, 0, 0, -23/2, -3/10)
(1, 3, 1, 1, 2): (0, 0, 0, 0, 0, -1, 9/5)
(1, 1, 2, 1, 1): (0, 0, 0, 0, 0, 0, 0)
(1, 1, 1, 3, 1, 1): (0, 0, 0, 0, 0, 2/3, 0)
(1, 1, 2, 2, 1, 1): (0, 0, 0, 0, 0, 20, 4)
(3, 1, 1, 1, 2): (0, 0, 0, 0, 0, -17/2, -7/10)
(2, 4, 1): (0, 0, 0, 0, -109/16, 0, 0)
(2, 3, 1): (0, 0, 0, -3/2, 0, 0, 0)
(1, 2): (0, -2, 0, 0, 0, 0, 0)
(3, 3, 1, 1): (0, 0, 0, 0, 0, 11/2, 3/2)
(1, 4, 1, 1, 1): (0, 0, 0, 0, 0, 11/2, 3/10)
(3, 3): (0, 0, 0, 1/2, 0, 0, 0)
(2, 1, 2, 1, 2): (0, 0, 0, 0, 0, -9, -27/10)
(2, 3, 3): (0, 0, 0, 0, 0, -9, -27/10)
(4, 4): (0, 0, 0, 0, 0, 0, 0)
(3, 1, 1, 1): (0, 0, 0, -1/2, 0, 0, 0)
(1, 1, 1, 5): (0, 0, 0, 0, 0, -19/6, -3/10)
(5,): (0, 0, 1, 0, 0, 0, 0)
(3, 1, 1, 2): (0, 0, 0, 0, -109/16, 0, 0)
(1, 1, 1, 2): (0, 0, -4, 0, 0, 0, 0)
(1, 1, 1, 2, 2): (0, 0, 0, 0, 10, 0, 0)
(1, 2, 1, 2, 1): (0, 0, 0, 0, 3, 0, 0)
(3, 1, 2): (0, 0, 0, -3/2, 0, 0, 0)
(1, 2, 1, 1, 2, 1): (0, 0, 0, 0, 0, -4, 4)
(2, 2, 4): (0, 0, 0, 0, 0, -9, -11/5)
(5, 1, 2): (0, 0, 0, 0, 0, 5/2, 2/5)
(4, 3): (0, 0, 0, 0, 17, 0, 0)
(2, 1, 1, 2): (0, 0, 0, -1, 0, 0, 0)
(2, 1, 4): (0, 0, 0, 0, 61/8, 0, 0)
(2, 1, 1, 2, 1): (0, 0, 0, 0, -18, 0, 0)
(2, 4, 1, 1): (0, 0, 0, 0, 0, -3, -6/5)
(1, 2, 1, 1, 1, 1): (0, 0, 0, 0, -6, 0, 0)
(1, 3, 3, 1): (0, 0, 0, 0, 0, 0, -27/10)
(4, 2, 1, 1): (0, 0, 0, 0, 0, 8, -3/5)
(4, 3, 1): (0, 0, 0, 0, 0, -2, 5/2)
(2, 1, 2): (0, 0, 9/2, 0, 0, 0, 0)
(1, 3, 2, 2): (0, 0, 0, 0, 0, 6, -9/5)
(3, 4): (0, 0, 0, 0, -18, 0, 0)
(1, 3, 1, 1, 1): (0, 0, 0, 0, -4, 0, 0)
(1, 2, 3, 2): (0, 0, 0, 0, 0, 11, 0)
(1, 3, 1, 2, 1): (0, 0, 0, 0, 0, 0, -17/10)
(3, 1, 3, 1): (0, 0, 0, 0, 0, 0, 0)
(1, 2, 3, 1): (0, 0, 0, 0, -179/16, 0, 0)
(2, 2, 2): (0, 0, 0, 0, 0, 0, 0)
(1, 2, 1, 3, 1): (0, 0, 0, 0, 0, -1/2, -1)
(2, 1, 1, 1, 1): (0, 0, 0, 0, 0, 0, 0)
(3, 1, 2, 1, 1): (0, 0, 0, 0, 0, -2, 5/2)
(1, 1, 3): (0, 0, -1/2, 0, 0, 0, 0)
(5, 2): (0, 0, 0, 0, -11, 0, 0)
(1, 2, 1, 1): (0, 0, -4, 0, 0, 0, 0)
(2, 1, 1, 2, 2): (0, 0, 0, 0, 0, -9, -11/5)
(1, 2, 1, 4): (0, 0, 0, 0, 0, -1, -33/10)
(3, 2, 1, 2): (0, 0, 0, 0, 0, 27/2, 27/10)
(6,): (0, 0, 0, 0, 0, 0, 0)
(1, 1, 5): (0, 0, 0, 0, -2, 0, 0)
(3, 2, 1, 1): (0, 0, 0, 0, -221/16, 0, 0)
(1, 1, 1, 2, 1, 1, 1): (0, 0, 0, 0, 0, 1/3, 0)
(1, 1, 1, 1, 2, 1): (0, 0, 0, 0, 15, 0, 0)
(1, 1, 2, 1, 1, 2): (0, 0, 0, 0, 0, -12, -4)

# MHS in MZV monomial basis
(1, 1, 1, 2, 3): [0, 0, 0, 0, 0, 15, -3/10]
(4, 2, 2): [0, 0, 0, 0, 0, -20, -4]
(1, 3, 1, 3): [0, 0, 0, 0, 0, 0, 0]
(1, 2, 1, 1, 2): [0, 0, 0, 0, 14, 6, 5/2]
(1, 3, 1, 1): [0, 0, 0, 3/2, 1/4, -3, 0]
(1, 6): [0, 0, 0, 0, -7, 4, 2/5]
(1, 1, 1, 1, 2, 2): [0, 0, 0, 0, 0, 10, -2/5]
(2, 3, 1, 1): [0, 0, 0, 0, 189/16, -19/2, -9/5]
(2, 3, 2, 1): [0, 0, 0, 0, 0, 30, 27/10]
(2, 5): [0, 0, 0, 0, 21, -8, 0]
(1, 2, 1, 1, 1, 1, 1): [0, 0, 0, 0, 0, 0, 0]
(2, 1, 1, 1, 1, 1): [0, 0, 0, 0, 7, -2, 2/5]
(1, 1, 2, 2): [0, 0, 0, 3, -115/16, -13/2, -21/10]
(2, 1, 2, 1): [0, 0, 0, 9/2, -75/8, 15/2, -27/10]
(2, 1, 2, 1, 1, 1): [0, 0, 0, 0, 0, 10, 5]
(1, 5): [0, 0, 0, 0, 4, -6, -1]
(2, 1, 2, 2): [0, 0, 0, 0, -441/16, 15, 0]
(1, 3, 1, 2): [0, 0, 0, 0, -63/16, -3/2, 0]
(2, 1, 4, 1): [0, 0, 0, 0, 0, 15/2, 9/5]
(3, 1, 4): [0, 0, 0, 0, 0, -5, -1]
(2, 1, 1, 1, 2): [0, 0, 0, 0, 0, -15, 3/10]
(3, 2, 2): [0, 0, 0, 0, 28, -4, 4]
(2, 1, 1, 1, 1, 2): [0, 0, 0, 0, 0, -20, 4/5]
(7,): [0, 0, 0, 0, 0, 0, 0]
(1, 1, 5): [0, 0, 0, 0, -7, 9/2, 3/10]
(5, 3): [0, 0, 0, 0, 0, 0, 0]
(1, 1): [0, -1, -2, 1/2, -3, 1, 0]
(2, 1, 1, 1, 1): [0, 0, 0, 0, 11, -6, 7/10]
(2, 2, 1, 1): [0, 0, 0, 3, -157/16, 22, 18/5]
(3, 2): [0, 0, -10, 2, -3, 8, 4]
(2, 6): [0, 0, 0, 0, 0, 0, 0]
(1, 1, 1, 1, 2, 1, 1): [0, 0, 0, 0, 0, 0, 0]
(1, 2, 2): [0, 0, 15/2, -3, 179/16, -10, -11/5]
(4, 1, 1, 1, 1): [0, 0, 0, 0, 0, -15/2, -3/10]
(8,): [0, 0, 0, 0, 0, 0, 0]
(3, 1, 1, 1, 1, 1): [0, 0, 0, 0, 0, -5, -2/5]
(1, 2, 1, 1, 3): [0, 0, 0, 0, 0, 0, -33/10]
(5, 1, 1, 1): [0, 0, 0, 0, 0, -15/2, -3/10]
(4, 1, 1): [0, 0, 0, -3/2, 109/16, 1/2, 3/2]
(1, 2, 4): [0, 0, 0, 0, 21, -13, -2/5]
(1, 1, 2, 2, 2): [0, 0, 0, 0, 0, -15, -9/5]
(2, 2, 1, 1, 1, 1): [0, 0, 0, 0, 0, 10, -2/5]
(3, 1, 1, 3): [0, 0, 0, 0, 0, -15, -3]
(1, 1, 1, 3): [0, 0, 0, -3/2, 2, 1/2, 0]
(2, 2, 2, 1, 1): [0, 0, 0, 0, 0, -15, -9/5]
(4, 1, 3): [0, 0, 0, 0, 0, -5, -1]
(1, 3, 1, 1, 1, 1): [0, 0, 0, 0, 0, 10, 7/5]
(3, 1): [0, 0, -9/2, 1/2, -17, 1, -1]
(1, 1, 1, 1, 2, 1): [0, 0, 0, 0, 21, -11, -2/5]
(4, 1, 1, 1): [0, 0, 0, 0, 189/16, -1, 6/5]
(1, 2, 2, 1, 2): [0, 0, 0, 0, 0, 0, 0]
(1, 5, 1): [0, 0, 0, 0, 0, -5, -1]
(1, 5, 1, 1): [0, 0, 0, 0, 0, 15/2, 3/10]
(1, 1, 1, 1, 1): [0, 0, 0, 0, -3, 3, 0]
(1, 3, 3): [0, 0, 0, 0, -14, 1/2, -17/10]
(5, 2, 1): [0, 0, 0, 0, 0, 10, -2/5]
(1, 3, 1, 1, 1): [0, 0, 0, 0, -7, 9/2, 1]
(1, 4, 2): [0, 0, 0, 0, 14, -1, 9/5]
(1, 1, 2, 3, 1): [0, 0, 0, 0, 0, -30, -27/10]
(1, 3, 1): [0, 0, 0, 0, 1/4, 9/2, 1]
(2, 1): [0, 3, 11/2, -1, 11, -2, 2/5]
(3, 3, 1): [0, 0, 0, 0, 14, 9/2, 27/10]
(1, 1, 1, 2, 1): [0, 0, 0, 0, -10, -15/2, 7/10]
(3, 4, 1): [0, 0, 0, 0, 0, 10, -4]
(1, 2, 1, 3): [0, 0, 0, 0, -189/16, -9/2, -27/10]
(5, 1): [0, 0, 0, 0, -10, 6, 1]
(4,): [0, 0, 4, 0, 20, 0, 0]
(1, 1, 4, 1, 1): [0, 0, 0, 0, 0, -15, -3]
(4, 1, 1, 2): [0, 0, 0, 0, 0, 0, 9/5]
(2, 3, 2): [0, 0, 0, 0, 0, -20, -4]
(1,): [0, -1, -1, 0, -1, 0, 0]
(1, 1, 4, 2): [0, 0, 0, 0, 0, -15/2, -33/10]
(1, 2, 3, 1, 1): [0, 0, 0, 0, 0, 15, 9/2]
(1, 1, 4, 1): [0, 0, 0, 0, 231/16, -17, -3]
(5, 1, 1): [0, 0, 0, 0, 7, 1/2, 7/10]
(2, 4, 2): [0, 0, 0, 0, 0, 40, 8]
(4, 1, 2, 1): [0, 0, 0, 0, 0, 15/2, -9/5]
(2, 2): [0, 0, -2, 2, -10, 8, 0]
(1, 1, 2, 1, 2): [0, 0, 0, 0, -14, -6, -5/2]
(1, 2, 2, 1, 1): [0, 0, 0, 0, 28, -51/2, -4]
(4, 1): [0, 0, 5, -1, 18, -4, 0]
(1, 2, 2, 2, 1): [0, 0, 0, 0, 0, 45, 0]
(1, 1, 1, 1, 1, 1): [0, 0, 0, 0, -1, 1, 0]
(1, 1, 1, 2, 1, 2): [0, 0, 0, 0, 0, 10, 5]
(7, 1): [0, 0, 0, 0, 0, 0, 0]
(2, 1, 1, 2, 1): [0, 0, 0, 0, -14, 33/2, -4]
(1, 1, 2, 1): [0, 0, 10, -2, 109/16, -3, 6/5]
(1, 3, 4): [0, 0, 0, 0, 0, -5, 5]
(2, 1, 2, 1, 1): [0, 0, 0, 0, 14, -9, 13/10]
(1, 1, 2, 4): [0, 0, 0, 0, 0, 15, -3/10]
(1, 1, 1, 1, 1, 1, 1): [0, 0, 0, 0, 0, 0, 0]
(2, 1, 2, 3): [0, 0, 0, 0, 0, 0, -27/10]
(1, 2, 4, 1): [0, 0, 0, 0, 0, -45/2, 9/5]
(1, 2, 1, 1): [0, 0, -10, 1/2, -61/8, -7/2, -3/2]
(1, 2, 2, 2): [0, 0, 0, 0, -189/16, 6, -9/5]
(2, 1, 1, 2, 1, 1): [0, 0, 0, 0, 0, -20, -4]
(2, 1, 1, 3, 1): [0, 0, 0, 0, 0, -15/2, 9/5]
(2, 2, 3): [0, 0, 0, 0, -28, 24, 0]
(2, 1, 5): [0, 0, 0, 0, 0, 10, 7/5]
(1, 1, 2, 1, 1, 2): [0, 0, 0, 0, 0, -20, -4]
(2, 1, 3): [0, 0, 0, 3/2, 179/16, -23/2, -23/10]
(2, 1, 1, 1, 2, 1): [0, 0, 0, 0, 0, 25, -1]
(3, 1, 1, 1, 1): [0, 0, 0, 0, 7, -9/2, -2/5]
(2, 1, 2, 2, 1): [0, 0, 0, 0, 0, 0, 0]
(1, 1, 2, 1, 1, 1, 1): [0, 0, 0, 0, 0, 0, 0]
(2, 2, 1): [0, 0, -15/2, 6, -157/16, 23, 9/5]
(2,): [0, 2, 4, 0, 6, 0, 0]
(6, 1): [0, 0, 0, 0, 7, -4, -2/5]
(2, 1, 1): [0, 0, 11/2, -2, 221/16, -6, 7/10]
(1, 1, 3, 1, 1, 1): [0, 0, 0, 0, 0, -5, -1]
(4, 2, 1): [0, 0, 0, 0, -21, 3, -4]
(1, 1, 2): [0, 0, 3, 3/2, 109/16, -5/2, -3/10]
(1, 1, 1, 1, 1, 3): [0, 0, 0, 0, 0, -5, -2/5]
(3, 1, 2): [0, 0, 0, 3/2, 67/16, 35/2, 17/10]
(1, 1, 2, 1, 2, 1): [0, 0, 0, 0, 0, 10, -4]
(1, 1, 5, 1): [0, 0, 0, 0, 0, 15/2, 3/10]
(1, 2, 1, 2, 1, 1): [0, 0, 0, 0, 0, 10, -4]
(1, 1, 4): [0, 0, 0, -3/2, 109/16, -9/2, -3/2]
(1, 3, 2, 1): [0, 0, 0, 0, 441/16, -12, -27/10]
(1, 1, 2, 1, 3): [0, 0, 0, 0, 0, 15/2, 21/5]
(1, 3): [0, 0, 1/2, -1/2, -3, 5, 1]
(2, 1, 2): [0, 0, 0, -3, -131/8, 1, 2/5]
(1, 4, 1, 2): [0, 0, 0, 0, 0, 15/2, 9/5]
(1, 1, 1, 4): [0, 0, 0, 0, -189/16, 17/2, 3/10]
(3,): [0, 0, -6, 0, -15, 0, 0]
(1, 1, 1, 1, 1, 2): [0, 0, 0, 0, -7, 7, 0]
(1, 1, 6): [0, 0, 0, 0, 0, -5, -2/5]
(1, 4, 1, 1): [0, 0, 0, 0, -231/16, 19/2, 3/2]
(1, 1, 1, 1): [0, 0, -1, 1/2, -5, 4, 0]
(1, 1, 1, 2, 1, 1): [0, 0, 0, 0, -35, 10, 1]
(1, 2, 2, 1): [0, 0, 0, -9, 291/16, -15/2, -9/5]
(1, 1, 2, 1, 1, 1): [0, 0, 0, 0, 35, -5, 0]
(6, 2): [0, 0, 0, 0, 0, 0, 0]
(2, 2, 1, 1, 2): [0, 0, 0, 0, 0, 15, 9/5]
(1, 1, 3, 1): [0, 0, 0, 3/2, -61/8, 10, 3/2]
(2, 1, 1, 4): [0, 0, 0, 0, 0, 0, 9/5]
(1, 1, 1, 1, 1, 2, 1): [0, 0, 0, 0, 0, 0, 0]
(1, 1, 3, 2): [0, 0, 0, 0, -189/16, 17, 33/10]
(1, 4, 3): [0, 0, 0, 0, 0, 10, -4]
(2, 1, 1, 3): [0, 0, 0, 0, 231/16, -1/2, 21/10]
(1, 2, 3, 2): [0, 0, 0, 0, 0, 30, 27/10]
(1, 1, 1, 3, 1): [0, 0, 0, 0, 7, -9/2, -1]
(2, 2, 2, 2): [0, 0, 0, 0, 0, 0, 0]
(1, 4, 1): [0, 0, 0, 3, -61/8, 0, 0]
(2, 2, 2, 1): [0, 0, 0, 0, 189/16, -21, 0]
(2, 1, 3, 2): [0, 0, 0, 0, 0, -30, -27/10]
(1, 3, 2, 1, 1): [0, 0, 0, 0, 0, -30, -27/10]
(1, 1, 1, 1, 3): [0, 0, 0, 0, -7, 9/2, 2/5]
(1, 1, 1, 2, 2, 1): [0, 0, 0, 0, 0, -35, -4]
(3, 1, 3): [0, 0, 0, 0, 0, -5, -1]
(3, 2, 3): [0, 0, 0, 0, 0, 40, 8]
(3, 5): [0, 0, 0, 0, 0, 0, 0]
(1, 1, 3, 1, 2): [0, 0, 0, 0, 0, 15/2, 0]
(2, 3, 1, 1, 1): [0, 0, 0, 0, 0, -15/2, -9/5]
(3, 1, 1): [0, 0, 5/2, -1/2, -61/8, -2, -5/2]
(3, 2, 1): [0, 0, 0, 3, -75/8, -7, 13/10]
(2, 2, 1, 3): [0, 0, 0, 0, 0, 45/2, 9/2]
(1, 1, 1, 1, 1, 1, 2): [0, 0, 0, 0, 0, 0, 0]
(1, 4): [0, 0, -5, 1, -3, 0, 0]
(1, 2, 3): [0, 0, 0, 3, -131/8, 7, 23/10]
(2, 1, 1, 1, 3): [0, 0, 0, 0, 0, 0, 3/10]
(3, 1, 2, 2): [0, 0, 0, 0, 0, 45/2, 9/2]
(2, 3): [0, 0, 10, -2, 18, -20, -4]
(3, 1, 1, 1): [0, 0, 0, -3/2, -5/8, -7/2, -3/2]
(1, 1, 1, 1, 2): [0, 0, 0, 0, 4, 6, -2/5]
(3, 1, 2, 1): [0, 0, 0, 0, 189/16, 9/2, 27/5]
(4, 2): [0, 0, 0, 0, 4, -12, -4]
(4, 1, 2): [0, 0, 0, 0, -7, -10, -9/5]
(1, 2, 5): [0, 0, 0, 0, 0, 10, -2/5]
(2, 2, 1, 1, 1): [0, 0, 0, 0, -21, 21, 9/5]
(3, 1, 1, 2, 1): [0, 0, 0, 0, 0, 0, -33/10]
(2, 2, 1, 2, 1): [0, 0, 0, 0, 0, -45/2, 27/10]
(1, 4, 2, 1): [0, 0, 0, 0, 0, -45/2, 9/5]
(2, 1, 1, 1, 1, 1, 1): [0, 0, 0, 0, 0, 0, 0]
(3, 2, 1, 1, 1): [0, 0, 0, 0, 0, 15, -3/10]
(2, 3, 1, 2): [0, 0, 0, 0, 0, -30, -27/10]
(1, 1, 1, 3, 2): [0, 0, 0, 0, 0, -15/2, -9/5]
(3, 2, 2, 1): [0, 0, 0, 0, 0, -45, -9/5]
(1, 2, 1, 2, 2): [0, 0, 0, 0, 0, -45/2, 27/10]
(): [1, 0, 0, 0, 0, 0, 0]
(1, 7): [0, 0, 0, 0, 0, 0, 0]
(1, 1, 2, 3): [0, 0, 0, 0, 483/16, -17, -3/10]
(2, 2, 3, 1): [0, 0, 0, 0, 0, 45/2, 0]
(1, 2, 2, 1, 1, 1): [0, 0, 0, 0, 0, -35, -4]
(1, 1, 2, 2, 1): [0, 0, 0, 0, -28, 51/2, 11/5]
(2, 4): [0, 0, 0, 0, -10, 20, 4]
(1, 2, 2, 3): [0, 0, 0, 0, 0, -45, -9/5]
(1, 2, 1, 1, 1, 2): [0, 0, 0, 0, 0, 25, -1]
(1, 3, 2): [0, 0, 0, -9/2, 67/16, 23/2, 1]
(1, 1, 3, 1, 1): [0, 0, 0, 0, 0, 0, 0]
(1, 2, 1, 2): [0, 0, 0, 9/2, 51/8, -3/2, 27/10]
(2, 2, 1, 2): [0, 0, 0, 0, 441/16, 0, 9/5]
(1, 1, 3, 2, 1): [0, 0, 0, 0, 0, 15, 9/2]
(1, 5, 2): [0, 0, 0, 0, 0, -20, -1]
(2, 1, 1, 2, 2): [0, 0, 0, 0, 0, 15, 9/5]
(1, 3, 1, 1, 2): [0, 0, 0, 0, 0, -15/2, 9/5]
(1, 1, 2, 1, 1): [0, 0, 0, 0, 18, 9/2, 3/2]
(1, 1, 1, 3, 1, 1): [0, 0, 0, 0, 0, -5, -1]
(1, 1, 2, 2, 1, 1): [0, 0, 0, 0, 0, 40, 8]
(3, 1, 1, 1, 2): [0, 0, 0, 0, 0, 0, 3/10]
(2, 4, 1): [0, 0, 0, 0, -14, 21, 11/5]
(6,): [0, 0, 0, 0, 6, 0, 0]
(1, 1, 1, 4, 1): [0, 0, 0, 0, 0, 15, 9/5]
(1, 2): [0, -3, 1/2, -1, 4, -4, -2/5]
(3, 3, 1, 1): [0, 0, 0, 0, 0, 15/2, 21/5]
(1, 3, 1, 2, 1): [0, 0, 0, 0, 0, 0, -27/10]
(1, 4, 1, 1, 1): [0, 0, 0, 0, 0, 15, 9/5]
(3, 3): [0, 0, 0, 0, -3, 0, 0]
(3, 3, 2): [0, 0, 0, 0, 0, -20, -4]
(2, 1, 1, 2): [0, 0, 0, -6, -115/16, -4, 3/10]
(2, 3, 3): [0, 0, 0, 0, 0, -20, -4]
(4, 4): [0, 0, 0, 0, 0, 0, 0]
(1, 2, 1): [0, 0, -9/2, -3/2, -5/8, -11/2, -2/5]
(2, 3, 1): [0, 0, 0, -9/2, 291/16, -51/2, -4]
(1, 1, 1, 5): [0, 0, 0, 0, 0, -15/2, -3/10]
(5,): [0, 0, 0, 0, -15, 0, 0]
(3, 1, 1, 2): [0, 0, 0, 0, -231/16, 8, -33/10]
(1, 1, 1, 2): [0, 0, -5, 5/2, 2, 1/2, -3/10]
(1, 1, 1, 2, 2): [0, 0, 0, 0, 21, -27/2, -3/10]
(1, 2, 1, 2, 1): [0, 0, 0, 0, 0, 0, 27/10]
(1, 2, 1, 1, 1): [0, 0, 0, 0, -17, -3, -5/2]
(6, 1, 1): [0, 0, 0, 0, 0, -5, -2/5]
(2, 2, 4): [0, 0, 0, 0, 0, -20, -4]
(5, 1, 2): [0, 0, 0, 0, 0, 10, 7/5]
(1, 1, 3, 3): [0, 0, 0, 0, 0, 15/2, 21/5]
(1, 1, 1, 1, 1, 1, 1, 1): [0, 0, 0, 0, 0, 0, 0]
(2, 1, 4): [0, 0, 0, 0, 7, 0, 11/5]
(2, 1, 1, 1): [0, 0, 5, -1, 221/16, -8, 3/5]
(2, 4, 1, 1): [0, 0, 0, 0, 0, -15/2, -33/10]
(1, 2, 1, 1, 1, 1): [0, 0, 0, 0, -21, 1, -1]
(1, 3, 3, 1): [0, 0, 0, 0, 0, 0, -27/5]
(4, 2, 1, 1): [0, 0, 0, 0, 0, 15, -3/10]
(4, 3, 1): [0, 0, 0, 0, 0, -5, 5]
(2, 1, 3, 1): [0, 0, 0, 0, 63/16, -27/2, -27/10]
(3, 4): [0, 0, 0, 0, -35, 0, -4]
(1, 1, 1): [0, 0, -2, 1, -5, 3, 0]
(2, 5, 1): [0, 0, 0, 0, 0, -20, -1]
(1, 6, 1): [0, 0, 0, 0, 0, 10, 4/5]
(3, 1, 3, 1): [0, 0, 0, 0, 0, 0, 0]
(1, 2, 3, 1): [0, 0, 0, 0, -441/16, 27, 27/5]
(2, 2, 2): [0, 0, 0, 0, 2, -4, 0]
(1, 3, 2, 2): [0, 0, 0, 0, 0, 45/2, 0]
(3, 1, 2, 1, 1): [0, 0, 0, 0, 0, 15/2, 21/5]
(1, 1, 3): [0, 0, -5/2, 1/2, -61/8, 15/2, 3/2]
(1, 1, 1, 1, 4): [0, 0, 0, 0, 0, -15/2, -3/10]
(2, 1, 3, 1, 1): [0, 0, 0, 0, 0, 15/2, 0]
(2, 1, 2, 1, 2): [0, 0, 0, 0, 0, 0, -27/5]
(1, 2, 1, 4): [0, 0, 0, 0, 0, 15/2, -9/5]
(3, 2, 1, 2): [0, 0, 0, 0, 0, 0, -27/10]
(1, 2, 1, 1, 2, 1): [0, 0, 0, 0, 0, -20, 8]
(4, 3): [0, 0, 0, 0, 35, 0, 4]
(3, 2, 1, 1): [0, 0, 0, 0, -483/16, 2, -27/10]
(1, 1, 1, 2, 1, 1, 1): [0, 0, 0, 0, 0, 0, 0]
(5, 2): [0, 0, 0, 0, -21, 8, 0]
(1, 2, 1, 3, 1): [0, 0, 0, 0, 0, 0, -27/10]
(1, 1, 1, 1, 3, 1): [0, 0, 0, 0, 0, 10, 7/5]

# MHS basis
()
(2, 1)
(4, 1)
(4, 1, 1)
(6, 1)
(5, 2, 1)
(6, 1, 1)

# MZV monomials to MHS basis
[1, 0, 0, 0, 0, 0, 0]
[0, 1/3, -11/30, 1/45, 2003/5040, 4409/75600, -211/5400]
[0, 0, 1/5, -2/15, -323/840, -1049/12600, -29/900]
[0, 0, 0, -2/3, 109/168, -2153/2520, -413/180]
[0, 0, 0, 0, 1/7, -1/105, -2/15]
[0, 0, 0, 0, 0, 1/15, -1/15]
[0, 0, 0, 0, 0, -5/6, -5/3]

