# Weight
9

# MZV algebra basis
(3,)
(5,)
(7,)
(5, 3)
(9,)

# MZV monomial basis
(0, 0, 0, 0, 0)
(1, 0, 0, 0, 0)
(0, 1, 0, 0, 0)
(2, 0, 0, 0, 0)
(0, 0, 1, 0, 0)
(1, 1, 0, 0, 0)
(0, 0, 0, 1, 0)
(3, 0, 0, 0, 0)
(0, 0, 0, 0, 1)

# MZV in monomial basis
(): [1, 0, 0, 0, 0, 0, 0, 0, 0]
(2,): [0, 0, 0, 0, 0, 0, 0, 0, 0]
(3,): [0, 1, 0, 0, 0, 0, 0, 0, 0]
(2, 1): [0, 1, 0, 0, 0, 0, 0, 0, 0]
(4,): [0, 0, 0, 0, 0, 0, 0, 0, 0]
(2, 1, 1): [0, 0, 0, 0, 0, 0, 0, 0, 0]
(3, 1): [0, 0, 0, 0, 0, 0, 0, 0, 0]
(2, 2): [0, 0, 0, 0, 0, 0, 0, 0, 0]
(5,): [0, 0, 1, 0, 0, 0, 0, 0, 0]
(2, 1, 1, 1): [0, 0, 1, 0, 0, 0, 0, 0, 0]
(4, 1): [0, 0, 2, 0, 0, 0, 0, 0, 0]
(3, 1, 1): [0, 0, 2, 0, 0, 0, 0, 0, 0]
(3, 2): [0, 0, -11/2, 0, 0, 0, 0, 0, 0]
(2, 2, 1): [0, 0, -11/2, 0, 0, 0, 0, 0, 0]
(2, 3): [0, 0, 9/2, 0, 0, 0, 0, 0, 0]
(2, 1, 2): [0, 0, 9/2, 0, 0, 0, 0, 0, 0]
(6,): [0, 0, 0, 0, 0, 0, 0, 0, 0]
(2, 1, 1, 1, 1): [0, 0, 0, 0, 0, 0, 0, 0, 0]
(5, 1): [0, 0, 0, -1/2, 0, 0, 0, 0, 0]
(3, 1, 1, 1): [0, 0, 0, -1/2, 0, 0, 0, 0, 0]
(4, 2): [0, 0, 0, 1, 0, 0, 0, 0, 0]
(2, 2, 1, 1): [0, 0, 0, 1, 0, 0, 0, 0, 0]
(4, 1, 1): [0, 0, 0, -1, 0, 0, 0, 0, 0]
(3, 3): [0, 0, 0, 1/2, 0, 0, 0, 0, 0]
(2, 1, 2, 1): [0, 0, 0, 1/2, 0, 0, 0, 0, 0]
(3, 2, 1): [0, 0, 0, 3, 0, 0, 0, 0, 0]
(3, 1, 2): [0, 0, 0, -3/2, 0, 0, 0, 0, 0]
(2, 3, 1): [0, 0, 0, -3/2, 0, 0, 0, 0, 0]
(2, 4): [0, 0, 0, -1, 0, 0, 0, 0, 0]
(2, 1, 1, 2): [0, 0, 0, -1, 0, 0, 0, 0, 0]
(2, 2, 2): [0, 0, 0, 0, 0, 0, 0, 0, 0]
(2, 1, 3): [0, 0, 0, 1, 0, 0, 0, 0, 0]
(7,): [0, 0, 0, 0, 1, 0, 0, 0, 0]
(2, 1, 1, 1, 1, 1): [0, 0, 0, 0, 1, 0, 0, 0, 0]
(6, 1): [0, 0, 0, 0, 3, 0, 0, 0, 0]
(3, 1, 1, 1, 1): [0, 0, 0, 0, 3, 0, 0, 0, 0]
(5, 2): [0, 0, 0, 0, -11, 0, 0, 0, 0]
(2, 2, 1, 1, 1): [0, 0, 0, 0, -11, 0, 0, 0, 0]
(5, 1, 1): [0, 0, 0, 0, 5, 0, 0, 0, 0]
(4, 1, 1, 1): [0, 0, 0, 0, 5, 0, 0, 0, 0]
(4, 3): [0, 0, 0, 0, 17, 0, 0, 0, 0]
(2, 1, 2, 1, 1): [0, 0, 0, 0, 17, 0, 0, 0, 0]
(4, 2, 1): [0, 0, 0, 0, -221/16, 0, 0, 0, 0]
(3, 2, 1, 1): [0, 0, 0, 0, -221/16, 0, 0, 0, 0]
(4, 1, 2): [0, 0, 0, 0, 5/8, 0, 0, 0, 0]
(2, 3, 1, 1): [0, 0, 0, 0, 5/8, 0, 0, 0, 0]
(3, 4): [0, 0, 0, 0, -18, 0, 0, 0, 0]
(2, 1, 1, 2, 1): [0, 0, 0, 0, -18, 0, 0, 0, 0]
(3, 3, 1): [0, 0, 0, 0, 61/8, 0, 0, 0, 0]
(3, 1, 2, 1): [0, 0, 0, 0, 61/8, 0, 0, 0, 0]
(3, 2, 2): [0, 0, 0, 0, 157/16, 0, 0, 0, 0]
(2, 2, 2, 1): [0, 0, 0, 0, 157/16, 0, 0, 0, 0]
(3, 1, 3): [0, 0, 0, 0, -1/4, 0, 0, 0, 0]
(2, 1, 3, 1): [0, 0, 0, 0, -1/4, 0, 0, 0, 0]
(2, 5): [0, 0, 0, 0, 10, 0, 0, 0, 0]
(2, 1, 1, 1, 2): [0, 0, 0, 0, 10, 0, 0, 0, 0]
(2, 4, 1): [0, 0, 0, 0, -109/16, 0, 0, 0, 0]
(3, 1, 1, 2): [0, 0, 0, 0, -109/16, 0, 0, 0, 0]
(2, 3, 2): [0, 0, 0, 0, 75/8, 0, 0, 0, 0]
(2, 2, 1, 2): [0, 0, 0, 0, 75/8, 0, 0, 0, 0]
(2, 2, 3): [0, 0, 0, 0, -291/16, 0, 0, 0, 0]
(2, 1, 2, 2): [0, 0, 0, 0, -291/16, 0, 0, 0, 0]
(2, 1, 4): [0, 0, 0, 0, 61/8, 0, 0, 0, 0]
(2, 1, 1, 3): [0, 0, 0, 0, 61/8, 0, 0, 0, 0]
(8,): [0, 0, 0, 0, 0, 0, 0, 0, 0]
(2, 1, 1, 1, 1, 1, 1): [0, 0, 0, 0, 0, 0, 0, 0, 0]
(7, 1): [0, 0, 0, 0, 0, -1, 0, 0, 0]
(3, 1, 1, 1, 1, 1): [0, 0, 0, 0, 0, -1, 0, 0, 0]
(6, 2): [0, 0, 0, 0, 0, 2, -2/5, 0, 0]
(2, 2, 1, 1, 1, 1): [0, 0, 0, 0, 0, 2, -2/5, 0, 0]
(6, 1, 1): [0, 0, 0, 0, 0, -3, 0, 0, 0]
(4, 1, 1, 1, 1): [0, 0, 0, 0, 0, -3, 0, 0, 0]
(5, 3): [0, 0, 0, 0, 0, 0, 1, 0, 0]
(2, 1, 2, 1, 1, 1): [0, 0, 0, 0, 0, 0, 1, 0, 0]
(5, 2, 1): [0, 0, 0, 0, 0, 7, -7/10, 0, 0]
(3, 2, 1, 1, 1): [0, 0, 0, 0, 0, 7, -7/10, 0, 0]
(5, 1, 2): [0, 0, 0, 0, 0, 5/2, 2/5, 0, 0]
(2, 3, 1, 1, 1): [0, 0, 0, 0, 0, 5/2, 2/5, 0, 0]
(5, 1, 1, 1): [0, 0, 0, 0, 0, -4, 0, 0, 0]
(4, 4): [0, 0, 0, 0, 0, 0, 0, 0, 0]
(2, 1, 1, 2, 1, 1): [0, 0, 0, 0, 0, 0, 0, 0, 0]
(4, 3, 1): [0, 0, 0, 0, 0, -2, 5/2, 0, 0]
(3, 1, 2, 1, 1): [0, 0, 0, 0, 0, -2, 5/2, 0, 0]
(4, 2, 2): [0, 0, 0, 0, 0, -11, -9/5, 0, 0]
(2, 2, 2, 1, 1): [0, 0, 0, 0, 0, -11, -9/5, 0, 0]
(4, 2, 1, 1): [0, 0, 0, 0, 0, 8, -3/5, 0, 0]
(4, 1, 3): [0, 0, 0, 0, 0, -5/2, -1, 0, 0]
(2, 1, 3, 1, 1): [0, 0, 0, 0, 0, -5/2, -1, 0, 0]
(4, 1, 2, 1): [0, 0, 0, 0, 0, 11/2, 3/2, 0, 0]
(3, 3, 1, 1): [0, 0, 0, 0, 0, 11/2, 3/2, 0, 0]
(4, 1, 1, 2): [0, 0, 0, 0, 0, -3, -6/5, 0, 0]
(2, 4, 1, 1): [0, 0, 0, 0, 0, -3, -6/5, 0, 0]
(3, 5): [0, 0, 0, 0, 0, 1, -1, 0, 0]
(2, 1, 1, 1, 2, 1): [0, 0, 0, 0, 0, 1, -1, 0, 0]
(3, 4, 1): [0, 0, 0, 0, 0, 15/2, -3/2, 0, 0]
(3, 1, 1, 2, 1): [0, 0, 0, 0, 0, 15/2, -3/2, 0, 0]
(3, 3, 2): [0, 0, 0, 0, 0, -33/2, -13/10, 0, 0]
(2, 2, 1, 2, 1): [0, 0, 0, 0, 0, -33/2, -13/10, 0, 0]
(3, 2, 3): [0, 0, 0, 0, 0, 49/2, 4, 0, 0]
(2, 1, 2, 2, 1): [0, 0, 0, 0, 0, 49/2, 4, 0, 0]
(3, 2, 2, 1): [0, 0, 0, 0, 0, -33, -18/5, 0, 0]
(3, 2, 1, 2): [0, 0, 0, 0, 0, 27/2, 27/10, 0, 0]
(2, 3, 2, 1): [0, 0, 0, 0, 0, 27/2, 27/10, 0, 0]
(3, 1, 4): [0, 0, 0, 0, 0, -11/2, 0, 0, 0]
(2, 1, 1, 3, 1): [0, 0, 0, 0, 0, -11/2, 0, 0, 0]
(3, 1, 3, 1): [0, 0, 0, 0, 0, 0, 0, 0, 0]
(3, 1, 2, 2): [0, 0, 0, 0, 0, 33/2, 9/5, 0, 0]
(2, 2, 3, 1): [0, 0, 0, 0, 0, 33/2, 9/5, 0, 0]
(3, 1, 1, 3): [0, 0, 0, 0, 0, -8, -3/2, 0, 0]
(2, 1, 4, 1): [0, 0, 0, 0, 0, -8, -3/2, 0, 0]
(2, 6): [0, 0, 0, 0, 0, -2, 2/5, 0, 0]
(2, 1, 1, 1, 1, 2): [0, 0, 0, 0, 0, -2, 2/5, 0, 0]
(2, 5, 1): [0, 0, 0, 0, 0, -17/2, -7/10, 0, 0]
(3, 1, 1, 1, 2): [0, 0, 0, 0, 0, -17/2, -7/10, 0, 0]
(2, 4, 2): [0, 0, 0, 0, 0, 20, 4, 0, 0]
(2, 2, 1, 1, 2): [0, 0, 0, 0, 0, 20, 4, 0, 0]
(2, 3, 3): [0, 0, 0, 0, 0, -9, -27/10, 0, 0]
(2, 1, 2, 1, 2): [0, 0, 0, 0, 0, -9, -27/10, 0, 0]
(2, 3, 1, 2): [0, 0, 0, 0, 0, -27, -27/5, 0, 0]
(2, 2, 4): [0, 0, 0, 0, 0, -9, -11/5, 0, 0]
(2, 1, 1, 2, 2): [0, 0, 0, 0, 0, -9, -11/5, 0, 0]
(2, 2, 2, 2): [0, 0, 0, 0, 0, 0, 0, 0, 0]
(2, 2, 1, 3): [0, 0, 0, 0, 0, 8, 27/10, 0, 0]
(2, 1, 3, 2): [0, 0, 0, 0, 0, 8, 27/10, 0, 0]
(2, 1, 5): [0, 0, 0, 0, 0, 11/2, 1, 0, 0]
(2, 1, 1, 1, 3): [0, 0, 0, 0, 0, 11/2, 1, 0, 0]
(2, 1, 2, 3): [0, 0, 0, 0, 0, -18, -27/5, 0, 0]
(2, 1, 1, 4): [0, 0, 0, 0, 0, 9, 3, 0, 0]
(9,): [0, 0, 0, 0, 0, 0, 0, 0, 1]
(2, 1, 1, 1, 1, 1, 1, 1): [0, 0, 0, 0, 0, 0, 0, 0, 1]
(8, 1): [0, 0, 0, 0, 0, 0, 0, 0, 4]
(3, 1, 1, 1, 1, 1, 1): [0, 0, 0, 0, 0, 0, 0, 0, 4]
(7, 2): [0, 0, 0, 0, 0, 0, 0, 0, -37/2]
(2, 2, 1, 1, 1, 1, 1): [0, 0, 0, 0, 0, 0, 0, 0, -37/2]
(7, 1, 1): [0, 0, 0, 0, 0, 0, 0, 1/6, 28/3]
(4, 1, 1, 1, 1, 1): [0, 0, 0, 0, 0, 0, 0, 1/6, 28/3]
(6, 3): [0, 0, 0, 0, 0, 0, 0, 0, 83/2]
(2, 1, 2, 1, 1, 1, 1): [0, 0, 0, 0, 0, 0, 0, 0, 83/2]
(6, 2, 1): [0, 0, 0, 0, 0, 0, 0, -1/3, -2189/72]
(3, 2, 1, 1, 1, 1): [0, 0, 0, 0, 0, 0, 0, -1/3, -2189/72]
(6, 1, 2): [0, 0, 0, 0, 0, 0, 0, -1/3, -313/36]
(2, 3, 1, 1, 1, 1): [0, 0, 0, 0, 0, 0, 0, -1/3, -313/36]
(6, 1, 1, 1): [0, 0, 0, 0, 0, 0, 0, 1/2, 14]
(5, 1, 1, 1, 1): [0, 0, 0, 0, 0, 0, 0, 1/2, 14]
(5, 4): [0, 0, 0, 0, 0, 0, 0, 0, -127/2]
(2, 1, 1, 2, 1, 1, 1): [0, 0, 0, 0, 0, 0, 0, 0, -127/2]
(5, 3, 1): [0, 0, 0, 0, 0, 0, 0, 1/6, 845/24]
(3, 1, 2, 1, 1, 1): [0, 0, 0, 0, 0, 0, 0, 1/6, 845/24]
(5, 2, 2): [0, 0, 0, 0, 0, 0, 0, 2/3, 2513/72]
(2, 2, 2, 1, 1, 1): [0, 0, 0, 0, 0, 0, 0, 2/3, 2513/72]
(5, 2, 1, 1): [0, 0, 0, 0, 0, 0, 0, -1, -1909/48]
(4, 2, 1, 1, 1): [0, 0, 0, 0, 0, 0, 0, -1, -1909/48]
(5, 1, 3): [0, 0, 0, 0, 0, 0, 0, -1/3, 121/12]
(2, 1, 3, 1, 1, 1): [0, 0, 0, 0, 0, 0, 0, -1/3, 121/12]
(5, 1, 2, 1): [0, 0, 0, 0, 0, 0, 0, -1, 361/144]
(3, 3, 1, 1, 1): [0, 0, 0, 0, 0, 0, 0, -1, 361/144]
(5, 1, 1, 2): [0, 0, 0, 0, 0, 0, 0, 1/2, -2765/144]
(2, 4, 1, 1, 1): [0, 0, 0, 0, 0, 0, 0, 1/2, -2765/144]
(4, 5): [0, 0, 0, 0, 0, 0, 0, 0, 125/2]
(2, 1, 1, 1, 2, 1, 1): [0, 0, 0, 0, 0, 0, 0, 0, 125/2]
(4, 4, 1): [0, 0, 0, 0, 0, 0, 0, -1/3, -328/9]
(3, 1, 1, 2, 1, 1): [0, 0, 0, 0, 0, 0, 0, -1/3, -328/9]
(4, 3, 2): [0, 0, 0, 0, 0, 0, 0, 2/3, -53/36]
(2, 2, 1, 2, 1, 1): [0, 0, 0, 0, 0, 0, 0, 2/3, -53/36]
(4, 3, 1, 1): [0, 0, 0, 0, 0, 0, 0, 0, 3227/144]
(4, 1, 2, 1, 1): [0, 0, 0, 0, 0, 0, 0, 0, 3227/144]
(4, 2, 3): [0, 0, 0, 0, 0, 0, 0, -1/3, -59]
(2, 1, 2, 2, 1, 1): [0, 0, 0, 0, 0, 0, 0, -1/3, -59]
(4, 2, 2, 1): [0, 0, 0, 0, 0, 0, 0, 3, 845/24]
(3, 2, 2, 1, 1): [0, 0, 0, 0, 0, 0, 0, 3, 845/24]
(4, 2, 1, 2): [0, 0, 0, 0, 0, 0, 0, -1, 1501/36]
(2, 3, 2, 1, 1): [0, 0, 0, 0, 0, 0, 0, -1, 1501/36]
(4, 1, 4): [0, 0, 0, 0, 0, 0, 0, 2/3, 115/18]
(2, 1, 1, 3, 1, 1): [0, 0, 0, 0, 0, 0, 0, 2/3, 115/18]
(4, 1, 3, 1): [0, 0, 0, 0, 0, 0, 0, 1/2, 103/144]
(3, 1, 3, 1, 1): [0, 0, 0, 0, 0, 0, 0, 1/2, 103/144]
(4, 1, 2, 2): [0, 0, 0, 0, 0, 0, 0, -1, -1187/36]
(2, 2, 3, 1, 1): [0, 0, 0, 0, 0, 0, 0, -1, -1187/36]
(4, 1, 1, 3): [0, 0, 0, 0, 0, 0, 0, -1/2, 3721/144]
(2, 1, 4, 1, 1): [0, 0, 0, 0, 0, 0, 0, -1/2, 3721/144]
(3, 6): [0, 0, 0, 0, 0, 0, 0, 0, -85/2]
(2, 1, 1, 1, 1, 2, 1): [0, 0, 0, 0, 0, 0, 0, 0, -85/2]
(3, 5, 1): [0, 0, 0, 0, 0, 0, 0, -1/3, 341/24]
(3, 1, 1, 1, 2, 1): [0, 0, 0, 0, 0, 0, 0, -1/3, 341/24]
(3, 4, 2): [0, 0, 0, 0, 0, 0, 0, 2/3, 593/36]
(2, 2, 1, 1, 2, 1): [0, 0, 0, 0, 0, 0, 0, 2/3, 593/36]
(3, 4, 1, 1): [0, 0, 0, 0, 0, 0, 0, -3/2, -4067/144]
(4, 1, 1, 2, 1): [0, 0, 0, 0, 0, 0, 0, -3/2, -4067/144]
(3, 3, 3): [0, 0, 0, 0, 0, 0, 0, 1/6, 1/3]
(2, 1, 2, 1, 2, 1): [0, 0, 0, 0, 0, 0, 0, 1/6, 1/3]
(3, 3, 2, 1): [0, 0, 0, 0, 0, 0, 0, 7/2, 1009/36]
(3, 2, 1, 2, 1): [0, 0, 0, 0, 0, 0, 0, 7/2, 1009/36]
(3, 3, 1, 2): [0, 0, 0, 0, 0, 0, 0, -1/2, -1205/72]
(2, 3, 1, 2, 1): [0, 0, 0, 0, 0, 0, 0, -1/2, -1205/72]
(3, 2, 4): [0, 0, 0, 0, 0, 0, 0, -4/3, 46]
(2, 1, 1, 2, 2, 1): [0, 0, 0, 0, 0, 0, 0, -4/3, 46]
(3, 2, 3, 1): [0, 0, 0, 0, 0, 0, 0, -9/2, -367/8]
(3, 1, 2, 2, 1): [0, 0, 0, 0, 0, 0, 0, -9/2, -367/8]
(3, 2, 2, 2): [0, 0, 0, 0, 0, 0, 0, 0, -223/16]
(2, 2, 2, 2, 1): [0, 0, 0, 0, 0, 0, 0, 0, -223/16]
(3, 2, 1, 3): [0, 0, 0, 0, 0, 0, 0, 5/2, -2879/72]
(2, 1, 3, 2, 1): [0, 0, 0, 0, 0, 0, 0, 5/2, -2879/72]
(3, 1, 5): [0, 0, 0, 0, 0, 0, 0, 1/6, -131/12]
(2, 1, 1, 1, 3, 1): [0, 0, 0, 0, 0, 0, 0, 1/6, -131/12]
(3, 1, 4, 1): [0, 0, 0, 0, 0, 0, 0, 3/2, 865/48]
(3, 1, 1, 3, 1): [0, 0, 0, 0, 0, 0, 0, 3/2, 865/48]
(3, 1, 3, 2): [0, 0, 0, 0, 0, 0, 0, -3/2, -251/24]
(2, 2, 1, 3, 1): [0, 0, 0, 0, 0, 0, 0, -3/2, -251/24]
(3, 1, 2, 3): [0, 0, 0, 0, 0, 0, 0, 1/2, 3389/72]
(2, 1, 2, 3, 1): [0, 0, 0, 0, 0, 0, 0, 1/2, 3389/72]
(3, 1, 1, 4): [0, 0, 0, 0, 0, 0, 0, 0, -397/16]
(2, 1, 1, 4, 1): [0, 0, 0, 0, 0, 0, 0, 0, -397/16]
(2, 7): [0, 0, 0, 0, 0, 0, 0, 0, 35/2]
(2, 1, 1, 1, 1, 1, 2): [0, 0, 0, 0, 0, 0, 0, 0, 35/2]
(2, 6, 1): [0, 0, 0, 0, 0, 0, 0, 2/3, -461/72]
(3, 1, 1, 1, 1, 2): [0, 0, 0, 0, 0, 0, 0, 2/3, -461/72]
(2, 5, 2): [0, 0, 0, 0, 0, 0, 0, -4/3, 439/36]
(2, 2, 1, 1, 1, 2): [0, 0, 0, 0, 0, 0, 0, -4/3, 439/36]
(2, 5, 1, 1): [0, 0, 0, 0, 0, 0, 0, 3/2, 265/144]
(4, 1, 1, 1, 2): [0, 0, 0, 0, 0, 0, 0, 3/2, 265/144]
(2, 4, 3): [0, 0, 0, 0, 0, 0, 0, -1/3, -1567/36]
(2, 1, 2, 1, 1, 2): [0, 0, 0, 0, 0, 0, 0, -1/3, -1567/36]
(2, 4, 2, 1): [0, 0, 0, 0, 0, 0, 0, -4, 989/72]
(3, 2, 1, 1, 2): [0, 0, 0, 0, 0, 0, 0, -4, 989/72]
(2, 4, 1, 2): [0, 0, 0, 0, 0, 0, 0, 2, 1009/36]
(2, 3, 1, 1, 2): [0, 0, 0, 0, 0, 0, 0, 2, 1009/36]
(2, 3, 4): [0, 0, 0, 0, 0, 0, 0, 2/3, 1567/36]
(2, 1, 1, 2, 1, 2): [0, 0, 0, 0, 0, 0, 0, 2/3, 1567/36]
(2, 3, 3, 1): [0, 0, 0, 0, 0, 0, 0, 3/2, -91/6]
(3, 1, 2, 1, 2): [0, 0, 0, 0, 0, 0, 0, 3/2, -91/6]
(2, 3, 2, 2): [0, 0, 0, 0, 0, 0, 0, 0, -889/16]
(2, 2, 2, 1, 2): [0, 0, 0, 0, 0, 0, 0, 0, -889/16]
(2, 3, 1, 3): [0, 0, 0, 0, 0, 0, 0, -3/2, 31/8]
(2, 1, 3, 1, 2): [0, 0, 0, 0, 0, 0, 0, -3/2, 31/8]
(2, 2, 5): [0, 0, 0, 0, 0, 0, 0, 2/3, -3319/72]
(2, 1, 1, 1, 2, 2): [0, 0, 0, 0, 0, 0, 0, 2/3, -3319/72]
(2, 2, 4, 1): [0, 0, 0, 0, 0, 0, 0, 1, 803/36]
(3, 1, 1, 2, 2): [0, 0, 0, 0, 0, 0, 0, 1, 803/36]
(2, 2, 3, 2): [0, 0, 0, 0, 0, 0, 0, 0, 455/16]
(2, 2, 1, 2, 2): [0, 0, 0, 0, 0, 0, 0, 0, 455/16]
(2, 2, 2, 3): [0, 0, 0, 0, 0, 0, 0, 0, 641/16]
(2, 1, 2, 2, 2): [0, 0, 0, 0, 0, 0, 0, 0, 641/16]
(2, 2, 1, 4): [0, 0, 0, 0, 0, 0, 0, -1, 839/72]
(2, 1, 1, 3, 2): [0, 0, 0, 0, 0, 0, 0, -1, 839/72]
(2, 1, 6): [0, 0, 0, 0, 0, 0, 0, -1/3, 551/36]
(2, 1, 1, 1, 1, 3): [0, 0, 0, 0, 0, 0, 0, -1/3, 551/36]
(2, 1, 5, 1): [0, 0, 0, 0, 0, 0, 0, -1, -391/144]
(3, 1, 1, 1, 3): [0, 0, 0, 0, 0, 0, 0, -1, -391/144]
(2, 1, 4, 2): [0, 0, 0, 0, 0, 0, 0, 1, -59/2]
(2, 2, 1, 1, 3): [0, 0, 0, 0, 0, 0, 0, 1, -59/2]
(2, 1, 3, 3): [0, 0, 0, 0, 0, 0, 0, 1/2, 217/8]
(2, 1, 2, 1, 3): [0, 0, 0, 0, 0, 0, 0, 1/2, 217/8]
(2, 1, 2, 4): [0, 0, 0, 0, 0, 0, 0, 0, -2125/36]
(2, 1, 1, 2, 3): [0, 0, 0, 0, 0, 0, 0, 0, -2125/36]
(2, 1, 1, 5): [0, 0, 0, 0, 0, 0, 0, 0, 3227/144]
(2, 1, 1, 1, 4): [0, 0, 0, 0, 0, 0, 0, 0, 3227/144]
(1,): [0, 0, 0, 0, 0, 0, 0, 0, 0]
(1, 2): [0, -2, 0, 0, 0, 0, 0, 0, 0]
(1, 3): [0, 0, 0, 0, 0, 0, 0, 0, 0]
(1, 2, 1): [0, 0, 0, 0, 0, 0, 0, 0, 0]
(1, 4): [0, 0, -3, 0, 0, 0, 0, 0, 0]
(1, 2, 1, 1): [0, 0, -4, 0, 0, 0, 0, 0, 0]
(1, 3, 1): [0, 0, -1/2, 0, 0, 0, 0, 0, 0]
(1, 2, 2): [0, 0, 2, 0, 0, 0, 0, 0, 0]
(1, 5): [0, 0, 0, 1/2, 0, 0, 0, 0, 0]
(1, 2, 1, 1, 1): [0, 0, 0, 0, 0, 0, 0, 0, 0]
(1, 4, 1): [0, 0, 0, 3/2, 0, 0, 0, 0, 0]
(1, 3, 1, 1): [0, 0, 0, 1, 0, 0, 0, 0, 0]
(1, 3, 2): [0, 0, 0, -3, 0, 0, 0, 0, 0]
(1, 2, 2, 1): [0, 0, 0, -4, 0, 0, 0, 0, 0]
(1, 2, 3): [0, 0, 0, 1, 0, 0, 0, 0, 0]
(1, 2, 1, 2): [0, 0, 0, 2, 0, 0, 0, 0, 0]
(1, 6): [0, 0, 0, 0, -4, 0, 0, 0, 0]
(1, 2, 1, 1, 1, 1): [0, 0, 0, 0, -6, 0, 0, 0, 0]
(1, 5, 1): [0, 0, 0, 0, -2, 0, 0, 0, 0]
(1, 3, 1, 1, 1): [0, 0, 0, 0, -4, 0, 0, 0, 0]
(1, 4, 2): [0, 0, 0, 0, 115/16, 0, 0, 0, 0]
(1, 2, 2, 1, 1): [0, 0, 0, 0, 10, 0, 0, 0, 0]
(1, 4, 1, 1): [0, 0, 0, 0, -109/16, 0, 0, 0, 0]
(1, 3, 3): [0, 0, 0, 0, -51/8, 0, 0, 0, 0]
(1, 2, 1, 2, 1): [0, 0, 0, 0, 3, 0, 0, 0, 0]
(1, 3, 2, 1): [0, 0, 0, 0, 131/8, 0, 0, 0, 0]
(1, 3, 1, 2): [0, 0, 0, 0, -67/16, 0, 0, 0, 0]
(1, 2, 3, 1): [0, 0, 0, 0, -179/16, 0, 0, 0, 0]
(1, 2, 4): [0, 0, 0, 0, 115/16, 0, 0, 0, 0]
(1, 2, 1, 1, 2): [0, 0, 0, 0, -4, 0, 0, 0, 0]
(1, 2, 2, 2): [0, 0, 0, 0, -2, 0, 0, 0, 0]
(1, 2, 1, 3): [0, 0, 0, 0, -67/16, 0, 0, 0, 0]
(1, 7): [0, 0, 0, 0, 0, 1, 0, 0, 0]
(1, 2, 1, 1, 1, 1, 1): [0, 0, 0, 0, 0, 0, 0, 0, 0]
(1, 6, 1): [0, 0, 0, 0, 0, 5, 2/5, 0, 0]
(1, 3, 1, 1, 1, 1): [0, 0, 0, 0, 0, 4, 2/5, 0, 0]
(1, 5, 2): [0, 0, 0, 0, 0, -23/2, -3/10, 0, 0]
(1, 2, 2, 1, 1, 1): [0, 0, 0, 0, 0, -10, 0, 0, 0]
(1, 5, 1, 1): [0, 0, 0, 0, 0, 11/2, 3/10, 0, 0]
(1, 4, 1, 1, 1): [0, 0, 0, 0, 0, 11/2, 3/10, 0, 0]
(1, 4, 3): [0, 0, 0, 0, 0, 9/2, -5/2, 0, 0]
(1, 2, 1, 2, 1, 1): [0, 0, 0, 0, 0, 0, -4, 0, 0]
(1, 4, 2, 1): [0, 0, 0, 0, 0, -31/2, -3/10, 0, 0]
(1, 3, 2, 1, 1): [0, 0, 0, 0, 0, -13, -2/5, 0, 0]
(1, 4, 1, 2): [0, 0, 0, 0, 0, 23/2, 33/10, 0, 0]
(1, 2, 3, 1, 1): [0, 0, 0, 0, 0, 6, 11/5, 0, 0]
(1, 3, 4): [0, 0, 0, 0, 0, -3, 5/2, 0, 0]
(1, 2, 1, 1, 2, 1): [0, 0, 0, 0, 0, -4, 4, 0, 0]
(1, 3, 3, 1): [0, 0, 0, 0, 0, 0, -27/10, 0, 0]
(1, 3, 1, 2, 1): [0, 0, 0, 0, 0, 0, -17/10, 0, 0]
(1, 3, 2, 2): [0, 0, 0, 0, 0, 6, -9/5, 0, 0]
(1, 2, 2, 2, 1): [0, 0, 0, 0, 0, 17, 0, 0, 0]
(1, 3, 1, 3): [0, 0, 0, 0, 0, -1/2, 0, 0, 0]
(1, 2, 1, 3, 1): [0, 0, 0, 0, 0, -1/2, -1, 0, 0]
(1, 2, 5): [0, 0, 0, 0, 0, 4, 3/10, 0, 0]
(1, 2, 1, 1, 1, 2): [0, 0, 0, 0, 0, 8, 0, 0, 0]
(1, 2, 4, 1): [0, 0, 0, 0, 0, -5, 21/10, 0, 0]
(1, 3, 1, 1, 2): [0, 0, 0, 0, 0, -1, 9/5, 0, 0]
(1, 2, 3, 2): [0, 0, 0, 0, 0, 11, 0, 0, 0]
(1, 2, 2, 1, 2): [0, 0, 0, 0, 0, -9, -4, 0, 0]
(1, 2, 2, 3): [0, 0, 0, 0, 0, -13, 9/5, 0, 0]
(1, 2, 1, 2, 2): [0, 0, 0, 0, 0, -4, 4, 0, 0]
(1, 2, 1, 4): [0, 0, 0, 0, 0, -1, -33/10, 0, 0]
(1, 2, 1, 1, 3): [0, 0, 0, 0, 0, -2, -9/5, 0, 0]
(1, 8): [0, 0, 0, 0, 0, 0, 0, 0, -5]
(1, 2, 1, 1, 1, 1, 1, 1): [0, 0, 0, 0, 0, 0, 0, 0, -8]
(1, 7, 1): [0, 0, 0, 0, 0, 0, 0, -1/3, -25/6]
(1, 3, 1, 1, 1, 1, 1): [0, 0, 0, 0, 0, 0, 0, 0, -19/2]
(1, 6, 2): [0, 0, 0, 0, 0, 0, 0, 2/3, 1159/72]
(1, 2, 2, 1, 1, 1, 1): [0, 0, 0, 0, 0, 0, 0, 0, 28]
(1, 6, 1, 1): [0, 0, 0, 0, 0, 0, 0, -1, -881/72]
(1, 4, 1, 1, 1, 1): [0, 0, 0, 0, 0, 0, 0, -1/3, -1217/72]
(1, 5, 3): [0, 0, 0, 0, 0, 0, 0, 1/6, -559/24]
(1, 2, 1, 2, 1, 1, 1): [0, 0, 0, 0, 0, 0, 0, 0, -17]
(1, 5, 2, 1): [0, 0, 0, 0, 0, 0, 0, 5/2, 5375/144]
(1, 3, 2, 1, 1, 1): [0, 0, 0, 0, 0, 0, 0, 2/3, 1681/36]
(1, 5, 1, 2): [0, 0, 0, 0, 0, 0, 0, 0, -19/48]
(1, 2, 3, 1, 1, 1): [0, 0, 0, 0, 0, 0, 0, 5/3, -835/72]
(1, 5, 1, 1, 1): [0, 0, 0, 0, 0, 0, 0, -1, -1949/144]
(1, 4, 4): [0, 0, 0, 0, 0, 0, 0, -1/3, 559/18]
(1, 2, 1, 1, 2, 1, 1): [0, 0, 0, 0, 0, 0, 0, 0, 4]
(1, 4, 3, 1): [0, 0, 0, 0, 0, 0, 0, -1, -6167/144]
(1, 3, 1, 2, 1, 1): [0, 0, 0, 0, 0, 0, 0, -1/3, -1081/36]
(1, 4, 2, 2): [0, 0, 0, 0, 0, 0, 0, -2, -661/36]
(1, 2, 2, 2, 1, 1): [0, 0, 0, 0, 0, 0, 0, -10/3, -56/3]
(1, 4, 2, 1, 1): [0, 0, 0, 0, 0, 0, 0, 2, 1345/36]
(1, 4, 1, 3): [0, 0, 0, 0, 0, 0, 0, 1/2, -1421/144]
(1, 2, 1, 3, 1, 1): [0, 0, 0, 0, 0, 0, 0, -1/3, -1/2]
(1, 4, 1, 2, 1): [0, 0, 0, 0, 0, 0, 0, 3/2, 149/24]
(1, 3, 3, 1, 1): [0, 0, 0, 0, 0, 0, 0, 1, -493/36]
(1, 4, 1, 1, 2): [0, 0, 0, 0, 0, 0, 0, -1, 265/36]
(1, 2, 4, 1, 1): [0, 0, 0, 0, 0, 0, 0, 1, 1181/72]
(1, 3, 5): [0, 0, 0, 0, 0, 0, 0, 1/6, -559/24]
(1, 2, 1, 1, 1, 2, 1): [0, 0, 0, 0, 0, 0, 0, 0, 25]
(1, 3, 4, 1): [0, 0, 0, 0, 0, 0, 0, 3/2, 2123/48]
(1, 3, 1, 1, 2, 1): [0, 0, 0, 0, 0, 0, 0, 5/3, 1297/36]
(1, 3, 3, 2): [0, 0, 0, 0, 0, 0, 0, -3, -97/6]
(1, 2, 2, 1, 2, 1): [0, 0, 0, 0, 0, 0, 0, -13/3, -137/3]
(1, 3, 2, 3): [0, 0, 0, 0, 0, 0, 0, 3, 1235/24]
(1, 2, 1, 2, 2, 1): [0, 0, 0, 0, 0, 0, 0, 14/3, 115/3]
(1, 3, 2, 2, 1): [0, 0, 0, 0, 0, 0, 0, -7, -8063/144]
(1, 3, 2, 1, 2): [0, 0, 0, 0, 0, 0, 0, 2, -1637/144]
(1, 2, 3, 2, 1): [0, 0, 0, 0, 0, 0, 0, -1, 331/144]
(1, 3, 1, 4): [0, 0, 0, 0, 0, 0, 0, -1, -1421/144]
(1, 2, 1, 1, 3, 1): [0, 0, 0, 0, 0, 0, 0, -4/3, -43/2]
(1, 3, 1, 3, 1): [0, 0, 0, 0, 0, 0, 0, 0, 1/8]
(1, 3, 1, 2, 2): [0, 0, 0, 0, 0, 0, 0, 3, 1283/48]
(1, 2, 2, 3, 1): [0, 0, 0, 0, 0, 0, 0, 5, 5707/144]
(1, 3, 1, 1, 3): [0, 0, 0, 0, 0, 0, 0, -1, -1295/72]
(1, 2, 1, 4, 1): [0, 0, 0, 0, 0, 0, 0, -3/2, -61/6]
(1, 2, 6): [0, 0, 0, 0, 0, 0, 0, -1/3, 1159/72]
(1, 2, 1, 1, 1, 1, 2): [0, 0, 0, 0, 0, 0, 0, 0, -20]
(1, 2, 5, 1): [0, 0, 0, 0, 0, 0, 0, -1, -3019/144]
(1, 3, 1, 1, 1, 2): [0, 0, 0, 0, 0, 0, 0, -4/3, -619/72]
(1, 2, 4, 2): [0, 0, 0, 0, 0, 0, 0, 2, 187/72]
(1, 2, 2, 1, 1, 2): [0, 0, 0, 0, 0, 0, 0, 14/3, 16/3]
(1, 2, 3, 3): [0, 0, 0, 0, 0, 0, 0, -1, -97/6]
(1, 2, 1, 2, 1, 2): [0, 0, 0, 0, 0, 0, 0, -4/3, -2/3]
(1, 2, 3, 1, 2): [0, 0, 0, 0, 0, 0, 0, -2, -403/144]
(1, 2, 2, 4): [0, 0, 0, 0, 0, 0, 0, 0, -661/36]
(1, 2, 1, 1, 2, 2): [0, 0, 0, 0, 0, 0, 0, -4/3, 16/3]
(1, 2, 2, 2, 2): [0, 0, 0, 0, 0, 0, 0, 0, 2]
(1, 2, 2, 1, 3): [0, 0, 0, 0, 0, 0, 0, -1, 1283/48]
(1, 2, 1, 3, 2): [0, 0, 0, 0, 0, 0, 0, 1, -403/144]
(1, 2, 1, 5): [0, 0, 0, 0, 0, 0, 0, 1/2, -19/48]
(1, 2, 1, 1, 1, 3): [0, 0, 0, 0, 0, 0, 0, 2/3, -619/72]
(1, 2, 1, 2, 3): [0, 0, 0, 0, 0, 0, 0, -2, -1637/144]
(1, 2, 1, 1, 4): [0, 0, 0, 0, 0, 0, 0, 1, 265/36]
(1, 1): [0, 0, 0, 0, 0, 0, 0, 0, 0]
(1, 1, 2): [0, 0, 0, 0, 0, 0, 0, 0, 0]
(1, 1, 3): [0, 0, -1/2, 0, 0, 0, 0, 0, 0]
(1, 1, 2, 1): [0, 0, 6, 0, 0, 0, 0, 0, 0]
(1, 1, 4): [0, 0, 0, -1/2, 0, 0, 0, 0, 0]
(1, 1, 2, 1, 1): [0, 0, 0, 0, 0, 0, 0, 0, 0]
(1, 1, 3, 1): [0, 0, 0, 1/2, 0, 0, 0, 0, 0]
(1, 1, 2, 2): [0, 0, 0, 2, 0, 0, 0, 0, 0]
(1, 1, 5): [0, 0, 0, 0, -2, 0, 0, 0, 0]
(1, 1, 2, 1, 1, 1): [0, 0, 0, 0, 15, 0, 0, 0, 0]
(1, 1, 4, 1): [0, 0, 0, 0, 61/8, 0, 0, 0, 0]
(1, 1, 3, 1, 1): [0, 0, 0, 0, 3, 0, 0, 0, 0]
(1, 1, 3, 2): [0, 0, 0, 0, -179/16, 0, 0, 0, 0]
(1, 1, 2, 2, 1): [0, 0, 0, 0, -18, 0, 0, 0, 0]
(1, 1, 2, 3): [0, 0, 0, 0, 131/8, 0, 0, 0, 0]
(1, 1, 2, 1, 2): [0, 0, 0, 0, 3, 0, 0, 0, 0]
(1, 1, 6): [0, 0, 0, 0, 0, -2, -2/5, 0, 0]
(1, 1, 2, 1, 1, 1, 1): [0, 0, 0, 0, 0, 0, 0, 0, 0]
(1, 1, 5, 1): [0, 0, 0, 0, 0, 2, 0, 0, 0]
(1, 1, 3, 1, 1, 1): [0, 0, 0, 0, 0, -5, -1, 0, 0]
(1, 1, 4, 2): [0, 0, 0, 0, 0, -9/2, -21/10, 0, 0]
(1, 1, 2, 2, 1, 1): [0, 0, 0, 0, 0, 20, 4, 0, 0]
(1, 1, 4, 1, 1): [0, 0, 0, 0, 0, -15/2, -3/2, 0, 0]
(1, 1, 3, 3): [0, 0, 0, 0, 0, 4, 27/10, 0, 0]
(1, 1, 2, 1, 2, 1): [0, 0, 0, 0, 0, 6, 0, 0, 0]
(1, 1, 3, 2, 1): [0, 0, 0, 0, 0, 11, 23/10, 0, 0]
(1, 1, 3, 1, 2): [0, 0, 0, 0, 0, 6, 1, 0, 0]
(1, 1, 2, 3, 1): [0, 0, 0, 0, 0, -17, -23/10, 0, 0]
(1, 1, 2, 4): [0, 0, 0, 0, 0, 7, 3/10, 0, 0]
(1, 1, 2, 1, 1, 2): [0, 0, 0, 0, 0, -12, -4, 0, 0]
(1, 1, 2, 2, 2): [0, 0, 0, 0, 0, -4, 0, 0, 0]
(1, 1, 2, 1, 3): [0, 0, 0, 0, 0, 11/2, 17/10, 0, 0]
(1, 1, 7): [0, 0, 0, 0, 0, 0, 0, 1/6, -25/6]
(1, 1, 2, 1, 1, 1, 1, 1): [0, 0, 0, 0, 0, 0, 0, 0, 28]
(1, 1, 6, 1): [0, 0, 0, 0, 0, 0, 0, 1/2, 341/36]
(1, 1, 3, 1, 1, 1, 1): [0, 0, 0, 0, 0, 0, 0, 0, 29/2]
(1, 1, 5, 2): [0, 0, 0, 0, 0, 0, 0, -1, -3019/144]
(1, 1, 2, 2, 1, 1, 1): [0, 0, 0, 0, 0, 0, 0, 0, -53]
(1, 1, 5, 1, 1): [0, 0, 0, 0, 0, 0, 0, 0, 1013/144]
(1, 1, 4, 1, 1, 1): [0, 0, 0, 0, 0, 0, 0, -1/3, 593/24]
(1, 1, 4, 3): [0, 0, 0, 0, 0, 0, 0, 1/2, 2123/48]
(1, 1, 2, 1, 2, 1, 1): [0, 0, 0, 0, 0, 0, 0, 0, 28]
(1, 1, 4, 2, 1): [0, 0, 0, 0, 0, 0, 0, -1/2, -2549/72]
(1, 1, 3, 2, 1, 1): [0, 0, 0, 0, 0, 0, 0, 2/3, -1945/36]
(1, 1, 4, 1, 2): [0, 0, 0, 0, 0, 0, 0, 0, -61/6]
(1, 1, 2, 3, 1, 1): [0, 0, 0, 0, 0, 0, 0, -4/3, 1189/36]
(1, 1, 3, 4): [0, 0, 0, 0, 0, 0, 0, -1/2, -6167/144]
(1, 1, 2, 1, 1, 2, 1): [0, 0, 0, 0, 0, 0, 0, 0, -56]
(1, 1, 3, 3, 1): [0, 0, 0, 0, 0, 0, 0, -1/2, 2059/72]
(1, 1, 3, 1, 2, 1): [0, 0, 0, 0, 0, 0, 0, 1/6, 83/6]
(1, 1, 3, 2, 2): [0, 0, 0, 0, 0, 0, 0, 2, 5707/144]
(1, 1, 2, 2, 2, 1): [0, 0, 0, 0, 0, 0, 0, 14/3, 106/3]
(1, 1, 3, 1, 3): [0, 0, 0, 0, 0, 0, 0, 1/2, 1/8]
(1, 1, 2, 1, 3, 1): [0, 0, 0, 0, 0, 0, 0, 1/6, 83/6]
(1, 1, 2, 5): [0, 0, 0, 0, 0, 0, 0, 0, 5375/144]
(1, 1, 2, 1, 1, 1, 2): [0, 0, 0, 0, 0, 0, 0, 0, 25]
(1, 1, 2, 4, 1): [0, 0, 0, 0, 0, 0, 0, -2, -2549/72]
(1, 1, 3, 1, 1, 2): [0, 0, 0, 0, 0, 0, 0, -4/3, -43/2]
(1, 1, 2, 3, 2): [0, 0, 0, 0, 0, 0, 0, 2, 331/144]
(1, 1, 2, 2, 1, 2): [0, 0, 0, 0, 0, 0, 0, -4/3, 115/3]
(1, 1, 2, 2, 3): [0, 0, 0, 0, 0, 0, 0, -2, -8063/144]
(1, 1, 2, 1, 2, 2): [0, 0, 0, 0, 0, 0, 0, -4/3, -137/3]
(1, 1, 2, 1, 4): [0, 0, 0, 0, 0, 0, 0, 1/2, 149/24]
(1, 1, 2, 1, 1, 3): [0, 0, 0, 0, 0, 0, 0, 2/3, 1297/36]
(1, 1, 1): [0, 1/3, 0, 0, 0, 0, 0, 0, 0]
(1, 1, 1, 2): [0, 0, -4, 0, 0, 0, 0, 0, 0]
(1, 1, 1, 3): [0, 0, 0, -2/3, 0, 0, 0, 0, 0]
(1, 1, 1, 2, 1): [0, 0, 0, 1/3, 0, 0, 0, 0, 0]
(1, 1, 1, 4): [0, 0, 0, 0, -109/16, 0, 0, 0, 0]
(1, 1, 1, 2, 1, 1): [0, 0, 0, 0, -20, 0, 0, 0, 0]
(1, 1, 1, 3, 1): [0, 0, 0, 0, 3, 0, 0, 0, 0]
(1, 1, 1, 2, 2): [0, 0, 0, 0, 10, 0, 0, 0, 0]
(1, 1, 1, 5): [0, 0, 0, 0, 0, -19/6, -3/10, 0, 0]
(1, 1, 1, 2, 1, 1, 1): [0, 0, 0, 0, 0, 1/3, 0, 0, 0]
(1, 1, 1, 4, 1): [0, 0, 0, 0, 0, 61/6, 3/2, 0, 0]
(1, 1, 1, 3, 1, 1): [0, 0, 0, 0, 0, 2/3, 0, 0, 0]
(1, 1, 1, 3, 2): [0, 0, 0, 0, 0, -71/6, -11/5, 0, 0]
(1, 1, 1, 2, 2, 1): [0, 0, 0, 0, 0, -155/6, -4, 0, 0]
(1, 1, 1, 2, 3): [0, 0, 0, 0, 0, 21/2, 2/5, 0, 0]
(1, 1, 1, 2, 1, 2): [0, 0, 0, 0, 0, 19/2, 4, 0, 0]
(1, 1, 1, 6): [0, 0, 0, 0, 0, 0, 0, 0, -881/72]
(1, 1, 1, 2, 1, 1, 1, 1): [0, 0, 0, 0, 0, 0, 0, 0, -56]
(1, 1, 1, 5, 1): [0, 0, 0, 0, 0, 0, 0, 5/6, 1013/144]
(1, 1, 1, 3, 1, 1, 1): [0, 0, 0, 0, 0, 0, 0, -1/6, -13/2]
(1, 1, 1, 4, 2): [0, 0, 0, 0, 0, 0, 0, -2/3, 1181/72]
(1, 1, 1, 2, 2, 1, 1): [0, 0, 0, 0, 0, 0, 0, 1/3, 52]
(1, 1, 1, 4, 1, 1): [0, 0, 0, 0, 0, 0, 0, 1/3, -467/18]
(1, 1, 1, 3, 3): [0, 0, 0, 0, 0, 0, 0, 1/6, -493/36]
(1, 1, 1, 2, 1, 2, 1): [0, 0, 0, 0, 0, 0, 0, 1/6, 28]
(1, 1, 1, 3, 2, 1): [0, 0, 0, 0, 0, 0, 0, -4/3, 1189/36]
(1, 1, 1, 3, 1, 2): [0, 0, 0, 0, 0, 0, 0, 7/6, -1/2]
(1, 1, 1, 2, 3, 1): [0, 0, 0, 0, 0, 0, 0, -5/6, -1945/36]
(1, 1, 1, 2, 4): [0, 0, 0, 0, 0, 0, 0, 2/3, 1345/36]
(1, 1, 1, 2, 1, 1, 2): [0, 0, 0, 0, 0, 0, 0, -1/3, 4]
(1, 1, 1, 2, 2, 2): [0, 0, 0, 0, 0, 0, 0, -4/3, -56/3]
(1, 1, 1, 2, 1, 3): [0, 0, 0, 0, 0, 0, 0, 0, -1081/36]
(1, 1, 1, 1): [0, 0, 0, 0, 0, 0, 0, 0, 0]
(1, 1, 1, 1, 2): [0, 0, 0, -2/3, 0, 0, 0, 0, 0]
(1, 1, 1, 1, 3): [0, 0, 0, 0, -4, 0, 0, 0, 0]
(1, 1, 1, 1, 2, 1): [0, 0, 0, 0, 15, 0, 0, 0, 0]
(1, 1, 1, 1, 4): [0, 0, 0, 0, 0, -11/2, -3/10, 0, 0]
(1, 1, 1, 1, 2, 1, 1): [0, 0, 0, 0, 0, -4/3, 0, 0, 0]
(1, 1, 1, 1, 3, 1): [0, 0, 0, 0, 0, 35/6, 1, 0, 0]
(1, 1, 1, 1, 2, 2): [0, 0, 0, 0, 0, 26/3, 0, 0, 0]
(1, 1, 1, 1, 5): [0, 0, 0, 0, 0, 0, 0, -1/3, -1949/144]
(1, 1, 1, 1, 2, 1, 1, 1): [0, 0, 0, 0, 0, 0, 0, 0, 70]
(1, 1, 1, 1, 4, 1): [0, 0, 0, 0, 0, 0, 0, 2/3, 593/24]
(1, 1, 1, 1, 3, 1, 1): [0, 0, 0, 0, 0, 0, 0, 1/3, -13/2]
(1, 1, 1, 1, 3, 2): [0, 0, 0, 0, 0, 0, 0, -1/3, -835/72]
(1, 1, 1, 1, 2, 2, 1): [0, 0, 0, 0, 0, 0, 0, -4/3, -53]
(1, 1, 1, 1, 2, 3): [0, 0, 0, 0, 0, 0, 0, 1, 1681/36]
(1, 1, 1, 1, 2, 1, 2): [0, 0, 0, 0, 0, 0, 0, 2/3, -17]
(1, 1, 1, 1, 1): [0, 0, 1/5, 0, 0, 0, 0, 0, 0]
(1, 1, 1, 1, 1, 2): [0, 0, 0, 0, -6, 0, 0, 0, 0]
(1, 1, 1, 1, 1, 3): [0, 0, 0, 0, 0, -119/30, -2/5, 0, 0]
(1, 1, 1, 1, 1, 2, 1): [0, 0, 0, 0, 0, 11/5, 0, 0, 0]
(1, 1, 1, 1, 1, 4): [0, 0, 0, 0, 0, 0, 0, -1/2, -1217/72]
(1, 1, 1, 1, 1, 2, 1, 1): [0, 0, 0, 0, 0, 0, 0, 0, -56]
(1, 1, 1, 1, 1, 3, 1): [0, 0, 0, 0, 0, 0, 0, 1/6, 29/2]
(1, 1, 1, 1, 1, 2, 2): [0, 0, 0, 0, 0, 0, 0, 2/3, 28]
(1, 1, 1, 1, 1, 1): [0, 0, 0, 1/18, 0, 0, 0, 0, 0]
(1, 1, 1, 1, 1, 1, 2): [0, 0, 0, 0, 0, -26/15, 0, 0, 0]
(1, 1, 1, 1, 1, 1, 3): [0, 0, 0, 0, 0, 0, 0, -5/18, -19/2]
(1, 1, 1, 1, 1, 1, 2, 1): [0, 0, 0, 0, 0, 0, 0, 1/18, 28]
(1, 1, 1, 1, 1, 1, 1): [0, 0, 0, 0, 1/7, 0, 0, 0, 0]
(1, 1, 1, 1, 1, 1, 1, 2): [0, 0, 0, 0, 0, 0, 0, -1/9, -8]
(1, 1, 1, 1, 1, 1, 1, 1): [0, 0, 0, 0, 0, 1/15, 0, 0, 0]
(1, 1, 1, 1, 1, 1, 1, 1, 1): [0, 0, 0, 0, 0, 0, 0, 1/162, 1/9]

# MHS in MZV monomial basis
(): [1, 0, 0, 0, 0, 0, 0, 0, 0]
(2,): [0, 2, 4, 0, 6, 0, 0, 0, 8]
(1,): [0, -1, -1, 0, -1, 0, 0, 0, -1]
(3,): [0, 0, -6, 0, -15, 0, 0, 0, -28]
(4,): [0, 0, 4, 0, 20, 0, 0, 0, 56]
(3, 1): [0, 0, -9/2, 1/2, -17, 1, -1, 0, -83/2]
(2, 2): [0, 0, -2, 2, -10, 8, 0, 0, -28]
(5,): [0, 0, 0, 0, -15, 0, 0, 0, -70]
(1, 1): [0, -1, -2, 1/2, -3, 1, 0, 0, -4]
(1, 3): [0, 0, 1/2, -1/2, -3, 5, 1, 0, -29/2]
(4, 1): [0, 0, 5, -1, 18, -4, 0, 0, 127/2]
(2, 1): [0, 3, 11/2, -1, 11, -2, 2/5, 0, 37/2]
(1, 2): [0, -3, 1/2, -1, 4, -4, -2/5, 0, 19/2]
(3, 2): [0, 0, -10, 2, -3, 8, 4, 0, 17]
(2, 3): [0, 0, 10, -2, 18, -20, -4, 0, 53]
(1, 4): [0, 0, -5, 1, -3, 0, 0, 0, 13/2]
(2, 1, 1): [0, 0, 11/2, -2, 221/16, -6, 7/10, 1/3, 2189/72]
(2, 1, 2): [0, 0, 0, -3, -131/8, 1, 2/5, -2/3, -1681/36]
(1, 1, 1): [0, 0, -2, 1, -5, 3, 0, -1/6, -28/3]
(1, 3, 1): [0, 0, 0, 0, 1/4, 9/2, 1, -1/6, -121/12]
(1, 2, 1): [0, 0, -9/2, -3/2, -5/8, -11/2, -2/5, 1/3, 313/36]
(3, 1, 1): [0, 0, 5/2, -1/2, -61/8, -2, -5/2, -1/6, -845/24]
(2, 2, 1): [0, 0, -15/2, 6, -157/16, 23, 9/5, -2/3, -2513/72]
(1, 1, 2): [0, 0, 3, 3/2, 109/16, -5/2, -3/10, 1/3, 1217/72]
(6,): [0, 0, 0, 0, 6, 0, 0, 0, 56]
(1, 2, 2): [0, 0, 15/2, -3, 179/16, -10, -11/5, -2/3, 835/72]
(5, 1): [0, 0, 0, 0, -10, 6, 1, 0, -125/2]
(4, 2): [0, 0, 0, 0, 4, -12, -4, 0, -4]
(1, 1, 3): [0, 0, -5/2, 1/2, -61/8, 15/2, 3/2, 1/3, -593/24]
(3, 3): [0, 0, 0, 0, -3, 0, 0, 0, -28]
(2, 1, 1, 1): [0, 0, 5, -1, 221/16, -8, 3/5, 1, 1909/48]
(4, 1, 1): [0, 0, 0, -3/2, 109/16, 1/2, 3/2, 1/3, 328/9]
(2, 4): [0, 0, 0, 0, -10, 20, 4, 0, -52]
(3, 2, 1): [0, 0, 0, 3, -75/8, -7, 13/10, -2/3, 53/36]
(3, 1, 2): [0, 0, 0, 3/2, 67/16, 35/2, 17/10, 1/3, 1081/36]
(1, 1, 1, 1): [0, 0, -1, 1/2, -5, 4, 0, -1/2, -14]
(2, 3, 1): [0, 0, 0, -9/2, 291/16, -51/2, -4, 4/3, 59]
(2, 2, 2): [0, 0, 0, 0, 2, -4, 0, 4/3, 56/3]
(1, 2, 1, 1): [0, 0, -10, 1/2, -61/8, -7/2, -3/2, 1/2, -361/144]
(3, 1, 1, 1): [0, 0, 0, -3/2, -5/8, -7/2, -3/2, 0, -3227/144]
(2, 1, 3): [0, 0, 0, 3/2, 179/16, -23/2, -23/10, -2/3, 1945/36]
(1, 5): [0, 0, 0, 0, 4, -6, -1, 0, 13/2]
(1, 1, 2, 1): [0, 0, 10, -2, 109/16, -3, 6/5, 1, 2765/144]
(1, 1, 1, 2): [0, 0, -5, 5/2, 2, 1/2, -3/10, -1/2, 1949/144]
(2, 2, 1, 1): [0, 0, 0, 3, -157/16, 22, 18/5, -2, -845/24]
(1, 4, 1): [0, 0, 0, 3, -61/8, 0, 0, 1/3, -115/18]
(1, 3, 2): [0, 0, 0, -9/2, 67/16, 23/2, 1, -5/3, 1/2]
(2, 1, 2, 1): [0, 0, 0, 9/2, -75/8, 15/2, -27/10, -2, -1501/36]
(2, 1, 1, 2): [0, 0, 0, -6, -115/16, -4, 3/10, 1, -1345/36]
(1, 2, 3): [0, 0, 0, 3, -131/8, 7, 23/10, 4/3, -1189/36]
(1, 1, 4): [0, 0, 0, -3/2, 109/16, -9/2, -3/2, -2/3, 467/18]
(1, 3, 1, 1): [0, 0, 0, 3/2, 1/4, -3, 0, 1/2, -103/144]
(1, 2, 1, 2): [0, 0, 0, 9/2, 51/8, -3/2, 27/10, 2, 493/36]
(1, 2, 2, 1): [0, 0, 0, -9, 291/16, -15/2, -9/5, -2, 1187/36]
(2, 1, 1, 1, 1): [0, 0, 0, 0, 11, -6, 7/10, 1, 1909/48]
(1, 1, 3, 1): [0, 0, 0, 3/2, -61/8, 10, 3/2, -1/2, -3721/144]
(7,): [0, 0, 0, 0, 0, 0, 0, 0, -28]
(1, 1, 2, 2): [0, 0, 0, 3, -115/16, -13/2, -21/10, 1, -1181/72]
(6, 1): [0, 0, 0, 0, 7, -4, -2/5, 0, 85/2]
(5, 2): [0, 0, 0, 0, -21, 8, 0, 0, -25]
(4, 3): [0, 0, 0, 0, 35, 0, 4, 0, 56]
(5, 1, 1): [0, 0, 0, 0, 7, 1/2, 7/10, -1/6, -341/24]
(1, 1, 1, 3): [0, 0, 0, -3/2, 2, 1/2, 0, 0, -1013/144]
(1, 1, 1, 1, 1): [0, 0, 0, 0, -3, 3, 0, -1/2, -14]
(4, 2, 1): [0, 0, 0, 0, -21, 3, -4, 1/3, -593/36]
(3, 4): [0, 0, 0, 0, -35, 0, -4, 0, -28]
(4, 1, 2): [0, 0, 0, 0, -7, -10, -9/5, -2/3, -1297/36]
(1, 2, 1, 1, 1): [0, 0, 0, 0, -17, -3, -5/2, 0, -3227/144]
(3, 3, 1): [0, 0, 0, 0, 14, 9/2, 27/10, -1/6, -1/3]
(3, 2, 2): [0, 0, 0, 0, 28, -4, 4, 4/3, 137/3]
(4, 1, 1, 1): [0, 0, 0, 0, 189/16, -1, 6/5, 1/2, 4067/144]
(1, 1, 2, 1, 1): [0, 0, 0, 0, 18, 9/2, 3/2, 1/2, 4067/144]
(3, 1, 3): [0, 0, 0, 0, 0, -5, -1, 1/3, -83/6]
(2, 5): [0, 0, 0, 0, 21, -8, 0, 0, 53]
(3, 2, 1, 1): [0, 0, 0, 0, -483/16, 2, -27/10, -1, -1009/36]
(3, 1, 2, 1): [0, 0, 0, 0, 189/16, 9/2, 27/5, 1/2, 1205/72]
(2, 4, 1): [0, 0, 0, 0, -14, 21, 11/5, -5/3, -46]
(2, 3, 2): [0, 0, 0, 0, 0, -20, -4, 4/3, -115/3]
(3, 1, 1, 2): [0, 0, 0, 0, -231/16, 8, -33/10, -3/2, -149/24]
(1, 1, 1, 2, 1): [0, 0, 0, 0, -10, -15/2, 7/10, 3/2, -265/144]
(2, 2, 3): [0, 0, 0, 0, -28, 24, 0, -8/3, -106/3]
(1, 1, 1, 1, 2): [0, 0, 0, 0, 4, 6, -2/5, -2, 881/72]
(2, 3, 1, 1): [0, 0, 0, 0, 189/16, -19/2, -9/5, 1, 367/8]
(3, 1, 1, 1, 1): [0, 0, 0, 0, 7, -9/2, -2/5, 1/2, -361/144]
(2, 2, 2, 1): [0, 0, 0, 0, 189/16, -21, 0, 6, 223/16]
(2, 1, 4): [0, 0, 0, 0, 7, 0, 11/5, 4/3, -1189/36]
(2, 2, 1, 2): [0, 0, 0, 0, 441/16, 0, 9/5, -2, 8063/144]
(2, 1, 3, 1): [0, 0, 0, 0, 63/16, -27/2, -27/10, 1/2, 2879/72]
(1, 6): [0, 0, 0, 0, -7, 4, 2/5, 0, -29/2]
(2, 1, 2, 2): [0, 0, 0, 0, -441/16, 15, 0, -2, -331/144]
(2, 1, 1, 3): [0, 0, 0, 0, 231/16, -1/2, 21/10, 0, 2549/72]
(2, 2, 1, 1, 1): [0, 0, 0, 0, -21, 21, 9/5, -2, -845/24]
(1, 5, 1): [0, 0, 0, 0, 0, -5, -1, 1/3, 131/12]
(1, 4, 2): [0, 0, 0, 0, 14, -1, 9/5, 1/3, 43/2]
(2, 1, 2, 1, 1): [0, 0, 0, 0, 14, -9, 13/10, -1, -1009/36]
(1, 3, 3): [0, 0, 0, 0, -14, 1/2, -17/10, -1/6, -83/6]
(2, 1, 1, 2, 1): [0, 0, 0, 0, -14, 33/2, -4, -3, -989/72]
(2, 1, 1, 1, 2): [0, 0, 0, 0, 0, -15, 3/10, 4, -5375/144]
(1, 4, 1, 1): [0, 0, 0, 0, -231/16, 19/2, 3/2, 1/2, -865/48]
(1, 3, 2, 1): [0, 0, 0, 0, 441/16, -12, -27/10, -3, 251/24]
(1, 2, 4): [0, 0, 0, 0, 21, -13, -2/5, 1/3, 1945/36]
(1, 3, 1, 2): [0, 0, 0, 0, -63/16, -3/2, 0, 0, -1/8]
(1, 1, 1, 1, 1, 1): [0, 0, 0, 0, -1, 1, 0, -1/6, -28/3]
(1, 2, 3, 1): [0, 0, 0, 0, -441/16, 27, 27/5, 5/2, -3389/72]
(1, 2, 2, 2): [0, 0, 0, 0, -189/16, 6, -9/5, -2, -5707/144]
(2, 1, 1, 1, 1, 1): [0, 0, 0, 0, 7, -2, 2/5, 1/3, 2189/72]
(1, 3, 1, 1, 1): [0, 0, 0, 0, -7, 9/2, 1, 1, -103/144]
(1, 2, 1, 3): [0, 0, 0, 0, -189/16, -9/2, -27/10, -1, -2059/72]
(1, 1, 5): [0, 0, 0, 0, -7, 9/2, 3/10, -1/6, -593/24]
(1, 2, 2, 1, 1): [0, 0, 0, 0, 28, -51/2, -4, 0, 367/8]
(1, 1, 4, 1): [0, 0, 0, 0, 231/16, -17, -3, -3/2, 397/16]
(1, 1, 3, 2): [0, 0, 0, 0, -189/16, 17, 33/10, 3, 61/6]
(1, 2, 1, 1, 2): [0, 0, 0, 0, 14, 6, 5/2, 5/2, 6167/144]
(1, 2, 1, 2, 1): [0, 0, 0, 0, 0, 0, 27/10, -3/2, 91/6]
(1, 1, 2, 3): [0, 0, 0, 0, 483/16, -17, -3/10, -1, 2549/72]
(1, 1, 3, 1, 1): [0, 0, 0, 0, 0, 0, 0, -3/2, -865/48]
(1, 1, 2, 2, 1): [0, 0, 0, 0, -28, 51/2, 11/5, 7/2, -803/36]
(1, 1, 2, 1, 2): [0, 0, 0, 0, -14, -6, -5/2, -3/2, -2123/48]
(1, 1, 1, 4): [0, 0, 0, 0, -189/16, 17/2, 3/10, 1/2, -1013/144]
(1, 2, 1, 1, 1, 1): [0, 0, 0, 0, -21, 1, -1, -1/6, -845/24]
(8,): [0, 0, 0, 0, 0, 0, 0, 0, 8]
(7, 1): [0, 0, 0, 0, 0, 0, 0, 0, -35/2]
(6, 2): [0, 0, 0, 0, 0, 0, 0, 0, 20]
(1, 1, 1, 3, 1): [0, 0, 0, 0, 7, -9/2, -1, -1, 391/144]
(1, 1, 1, 2, 2): [0, 0, 0, 0, 21, -27/2, -3/10, -1, 3019/144]
(5, 3): [0, 0, 0, 0, 0, 0, 0, 0, -25]
(6, 1, 1): [0, 0, 0, 0, 0, -5, -2/5, 1/3, 461/72]
(5, 2, 1): [0, 0, 0, 0, 0, 10, -2/5, -2/3, -439/36]
(1, 1, 1, 1, 3): [0, 0, 0, 0, -7, 9/2, 2/5, 1, -341/36]
(5, 1, 2): [0, 0, 0, 0, 0, 10, 7/5, -2/3, 619/72]
(4, 4): [0, 0, 0, 0, 0, 0, 0, 0, -4]
(5, 1, 1, 1): [0, 0, 0, 0, 0, -15/2, -3/10, 1/2, -265/144]
(4, 3, 1): [0, 0, 0, 0, 0, -5, 5, 1/3, 1567/36]
(4, 2, 2): [0, 0, 0, 0, 0, -20, -4, 4/3, -16/3]
(4, 1, 3): [0, 0, 0, 0, 0, -5, -1, 1/3, 43/2]
(1, 1, 2, 1, 1, 1): [0, 0, 0, 0, 35, -5, 0, 1/3, 328/9]
(4, 2, 1, 1): [0, 0, 0, 0, 0, 15, -3/10, -1, -989/72]
(3, 5): [0, 0, 0, 0, 0, 0, 0, 0, 17]
(4, 1, 2, 1): [0, 0, 0, 0, 0, 15/2, -9/5, -2, -1009/36]
(3, 4, 1): [0, 0, 0, 0, 0, 10, -4, -2/3, -1567/36]
(1, 1, 1, 2, 1, 1): [0, 0, 0, 0, -35, 10, 1, -1/6, -341/24]
(4, 1, 1, 2): [0, 0, 0, 0, 0, 0, 9/5, 1, -265/36]
(3, 3, 2): [0, 0, 0, 0, 0, -20, -4, 4/3, 2/3]
(4, 1, 1, 1, 1): [0, 0, 0, 0, 0, -15/2, -3/10, 1/2, 2765/144]
(3, 2, 3): [0, 0, 0, 0, 0, 40, 8, -8/3, -115/3]
(3, 3, 1, 1): [0, 0, 0, 0, 0, 15/2, 21/5, -1/2, 91/6]
(3, 1, 4): [0, 0, 0, 0, 0, -5, -1, 1/3, 1/2]
(1, 1, 1, 1, 2, 1): [0, 0, 0, 0, 21, -11, -2/5, 5/6, 461/72]
(3, 2, 2, 1): [0, 0, 0, 0, 0, -45, -9/5, 6, 889/16]
(3, 2, 1, 2): [0, 0, 0, 0, 0, 0, -27/10, -2, 1637/144]
(3, 2, 1, 1, 1): [0, 0, 0, 0, 0, 15, -3/10, -1, -1501/36]
(3, 1, 3, 1): [0, 0, 0, 0, 0, 0, 0, 0, -31/8]
(3, 1, 2, 2): [0, 0, 0, 0, 0, 45/2, 9/2, -1, 403/144]
(2, 6): [0, 0, 0, 0, 0, 0, 0, 0, -28]
(1, 1, 1, 1, 1, 2): [0, 0, 0, 0, -7, 7, 0, -7/6, 25/6]
(3, 1, 1, 3): [0, 0, 0, 0, 0, -15, -3, 1, 61/6]
(3, 1, 2, 1, 1): [0, 0, 0, 0, 0, 15/2, 21/5, 0, 1205/72]
(2, 5, 1): [0, 0, 0, 0, 0, -20, -1, 4/3, 3319/72]
(2, 4, 2): [0, 0, 0, 0, 0, 40, 8, -8/3, -16/3]
(3, 1, 1, 2, 1): [0, 0, 0, 0, 0, 0, -33/10, -3/2, -1009/36]
(3, 1, 1, 1, 2): [0, 0, 0, 0, 0, 0, 3/10, 1/2, 19/48]
(2, 3, 3): [0, 0, 0, 0, 0, -20, -4, 4/3, 137/3]
(2, 4, 1, 1): [0, 0, 0, 0, 0, -15/2, -33/10, -2, -803/36]
(2, 3, 2, 1): [0, 0, 0, 0, 0, 30, 27/10, 0, -455/16]
(2, 2, 4): [0, 0, 0, 0, 0, -20, -4, 4/3, 56/3]
(3, 1, 1, 1, 1, 1): [0, 0, 0, 0, 0, -5, -2/5, 1/3, 313/36]
(2, 3, 1, 2): [0, 0, 0, 0, 0, -30, -27/10, 6, -1283/48]
(2, 2, 3, 1): [0, 0, 0, 0, 0, 45/2, 0, -9, -641/16]
(2, 2, 2, 2): [0, 0, 0, 0, 0, 0, 0, 0, -2]
(2, 3, 1, 1, 1): [0, 0, 0, 0, 0, -15/2, -9/5, -2, 1187/36]
(2, 1, 5): [0, 0, 0, 0, 0, 10, 7/5, -2/3, 835/72]
(2, 2, 1, 3): [0, 0, 0, 0, 0, 45/2, 9/2, 1, -5707/144]
(2, 2, 2, 1, 1): [0, 0, 0, 0, 0, -15, -9/5, 6, 223/16]
(2, 2, 1, 2, 1): [0, 0, 0, 0, 0, -45/2, 27/10, 9, 889/16]
(1, 1, 1, 1, 1, 1, 1): [0, 0, 0, 0, 0, 0, 0, 0, -4]
(2, 2, 1, 1, 2): [0, 0, 0, 0, 0, 15, 9/5, -10, 661/36]
(2, 1, 3, 2): [0, 0, 0, 0, 0, -30, -27/10, -4, 403/144]
(2, 2, 1, 1, 1, 1): [0, 0, 0, 0, 0, 10, -2/5, -2/3, -2513/72]
(2, 1, 2, 1, 2): [0, 0, 0, 0, 0, 0, -27/5, 3, 97/6]
(2, 1, 1, 4): [0, 0, 0, 0, 0, 0, 9/5, -2, -1181/72]
(2, 1, 4, 1): [0, 0, 0, 0, 0, 15/2, 9/5, 4, -839/72]
(2, 1, 2, 3): [0, 0, 0, 0, 0, 0, -27/10, 4, -331/144]
(2, 1, 1, 3, 1): [0, 0, 0, 0, 0, -15/2, 9/5, 3, 59/2]
(2, 1, 2, 2, 1): [0, 0, 0, 0, 0, 0, 0, -9, -455/16]
(2, 1, 1, 2, 2): [0, 0, 0, 0, 0, 15, 9/5, 2, -187/72]
(2, 1, 2, 1, 1, 1): [0, 0, 0, 0, 0, 10, 5, -2/3, 53/36]
(1, 7): [0, 0, 0, 0, 0, 0, 0, 0, 19/2]
(2, 1, 3, 1, 1): [0, 0, 0, 0, 0, 15/2, 0, 3/2, 251/24]
(2, 1, 1, 2, 1, 1): [0, 0, 0, 0, 0, -20, -4, 1/3, -593/36]
(2, 1, 1, 1, 3): [0, 0, 0, 0, 0, 0, 3/10, -2, 3019/144]
(1, 6, 1): [0, 0, 0, 0, 0, 10, 4/5, -2/3, -551/36]
(1, 5, 2): [0, 0, 0, 0, 0, -20, -1, 4/3, 619/72]
(1, 4, 3): [0, 0, 0, 0, 0, 10, -4, -2/3, -1297/36]
(1, 5, 1, 1): [0, 0, 0, 0, 0, 15/2, 3/10, -1/2, 391/144]
(2, 1, 1, 1, 2, 1): [0, 0, 0, 0, 0, 25, -1, -5/3, -439/36]
(1, 3, 4): [0, 0, 0, 0, 0, -5, 5, 1/3, 1081/36]
(2, 1, 1, 1, 1, 2): [0, 0, 0, 0, 0, -20, 4/5, 7/3, -1159/72]
(1, 4, 1, 2): [0, 0, 0, 0, 0, 15/2, 9/5, -1, 1295/72]
(1, 3, 3, 1): [0, 0, 0, 0, 0, 0, -27/5, 0, -217/8]
(1, 3, 2, 2): [0, 0, 0, 0, 0, 45/2, 0, -3, -1283/48]
(1, 4, 2, 1): [0, 0, 0, 0, 0, -45/2, 9/5, 3, 59/2]
(1, 4, 1, 1, 1): [0, 0, 0, 0, 0, 15, 9/5, -1/2, -3721/144]
(1, 3, 1, 3): [0, 0, 0, 0, 0, 0, 0, 0, -1/8]
(1, 3, 2, 1, 1): [0, 0, 0, 0, 0, -30, -27/10, 1/2, 2879/72]
(1, 2, 5): [0, 0, 0, 0, 0, 10, -2/5, -2/3, -1681/36]
(1, 3, 1, 2, 1): [0, 0, 0, 0, 0, 0, -27/10, 0, -31/8]
(1, 3, 1, 1, 2): [0, 0, 0, 0, 0, -15/2, 9/5, 1, 1421/144]
(2, 1, 1, 1, 1, 1, 1): [0, 0, 0, 0, 0, 0, 0, 0, 37/2]
(1, 2, 4, 1): [0, 0, 0, 0, 0, -45/2, 9/5, 2, 2125/36]
(1, 2, 3, 2): [0, 0, 0, 0, 0, 30, 27/10, -2, 1637/144]
(1, 2, 2, 3): [0, 0, 0, 0, 0, -45, -9/5, 4, 8063/144]
(1, 2, 3, 1, 1): [0, 0, 0, 0, 0, 15, 9/2, 1, -3389/72]
(1, 3, 1, 1, 1, 1): [0, 0, 0, 0, 0, 10, 7/5, -1/6, -121/12]
(1, 2, 1, 4): [0, 0, 0, 0, 0, 15/2, -9/5, -1, 493/36]
(1, 2, 2, 2, 1): [0, 0, 0, 0, 0, 45, 0, -9, -641/16]
(1, 2, 2, 1, 2): [0, 0, 0, 0, 0, 0, 0, 3, -1235/24]
(1, 2, 1, 3, 1): [0, 0, 0, 0, 0, 0, -27/10, 0, -217/8]
(1, 2, 1, 2, 2): [0, 0, 0, 0, 0, -45/2, 27/10, 3, 97/6]
(1, 1, 6): [0, 0, 0, 0, 0, -5, -2/5, 1/3, 1217/72]
(1, 2, 2, 1, 1, 1): [0, 0, 0, 0, 0, -35, -4, 4/3, 59]
(1, 2, 1, 1, 3): [0, 0, 0, 0, 0, 0, -33/10, -1, -2123/48]
(1, 2, 1, 2, 1, 1): [0, 0, 0, 0, 0, 10, -4, -1/6, -1/3]
(1, 1, 5, 1): [0, 0, 0, 0, 0, 15/2, 3/10, -1/2, -3227/144]
(1, 1, 4, 2): [0, 0, 0, 0, 0, -15/2, -33/10, 0, -265/36]
(1, 2, 1, 1, 2, 1): [0, 0, 0, 0, 0, -20, 8, 5/6, 1567/36]
(1, 2, 1, 1, 1, 2): [0, 0, 0, 0, 0, 25, -1, -7/6, 559/24]
(1, 1, 3, 3): [0, 0, 0, 0, 0, 15/2, 21/5, -1/2, -149/24]
(1, 1, 4, 1, 1): [0, 0, 0, 0, 0, -15, -3, 1, 397/16]
(1, 1, 3, 2, 1): [0, 0, 0, 0, 0, 15, 9/2, -1/2, -839/72]
(1, 1, 2, 4): [0, 0, 0, 0, 0, 15, -3/10, -1, -1345/36]
(1, 1, 3, 1, 2): [0, 0, 0, 0, 0, 15/2, 0, -2, 1421/144]
(1, 2, 1, 1, 1, 1, 1): [0, 0, 0, 0, 0, 0, 0, 0, -83/2]
(1, 1, 3, 1, 1, 1): [0, 0, 0, 0, 0, -5, -1, 5/6, -115/18]
(1, 1, 2, 3, 1): [0, 0, 0, 0, 0, -30, -27/10, 7/2, 2125/36]
(1, 1, 2, 2, 2): [0, 0, 0, 0, 0, -15, -9/5, 2, 661/36]
(1, 1, 2, 1, 3): [0, 0, 0, 0, 0, 15/2, 21/5, -1, 6167/144]
(1, 1, 1, 5): [0, 0, 0, 0, 0, -15/2, -3/10, 1/2, 1949/144]
(1, 1, 2, 2, 1, 1): [0, 0, 0, 0, 0, 40, 8, -8/3, -46]
(1, 1, 2, 1, 2, 1): [0, 0, 0, 0, 0, 10, -4, -13/6, -1567/36]
(1, 1, 1, 4, 1): [0, 0, 0, 0, 0, 15, 9/5, -5/2, -3227/144]
(1, 1, 2, 1, 1, 2): [0, 0, 0, 0, 0, -20, -4, 10/3, -559/18]
(1, 1, 1, 3, 2): [0, 0, 0, 0, 0, -15/2, -9/5, 3, 19/48]
(1, 1, 1, 2, 3): [0, 0, 0, 0, 0, 15, -3/10, -3, -5375/144]
(1, 1, 1, 3, 1, 1): [0, 0, 0, 0, 0, -5, -1, -7/6, 131/12]
(1, 1, 2, 1, 1, 1, 1): [0, 0, 0, 0, 0, 0, 0, 0, 127/2]
(1, 1, 1, 2, 2, 1): [0, 0, 0, 0, 0, -35, -4, 41/6, 3319/72]
(1, 1, 1, 2, 1, 2): [0, 0, 0, 0, 0, 10, 5, -19/6, 559/24]
(1, 1, 1, 1, 4): [0, 0, 0, 0, 0, -15/2, -3/10, 3/2, 881/72]
(9,): [0, 0, 0, 0, 0, 0, 0, 0, 0]
(8, 1): [0, 0, 0, 0, 0, 0, 0, 0, 9]
(7, 2): [0, 0, 0, 0, 0, 0, 0, 0, -36]
(7, 1, 1): [0, 0, 0, 0, 0, 0, 0, 0, 27/2]
(1, 1, 1, 1, 3, 1): [0, 0, 0, 0, 0, 10, 7/5, -7/6, -551/36]
(6, 3): [0, 0, 0, 0, 0, 0, 0, 0, 84]
(1, 1, 1, 2, 1, 1, 1): [0, 0, 0, 0, 0, 0, 0, 0, -125/2]
(1, 1, 1, 1, 2, 2): [0, 0, 0, 0, 0, 10, -2/5, -8/3, -1159/72]
(6, 1, 2): [0, 0, 0, 0, 0, 0, 0, 0, -24]
(6, 2, 1): [0, 0, 0, 0, 0, 0, 0, 0, -93/2]
(5, 4): [0, 0, 0, 0, 0, 0, 0, 0, -126]
(6, 1, 1, 1): [0, 0, 0, 0, 0, 0, 0, 1/2, 1889/72]
(5, 3, 1): [0, 0, 0, 0, 0, 0, 0, 0, 117/2]
(5, 2, 2): [0, 0, 0, 0, 0, 0, 0, 0, 81]
(1, 1, 1, 1, 1, 3): [0, 0, 0, 0, 0, -5, -2/5, 4/3, 25/6]
(5, 1, 3): [0, 0, 0, 0, 0, 0, 0, 0, 21]
(5, 2, 1, 1): [0, 0, 0, 0, 0, 0, 0, -1, -5551/72]
(5, 1, 2, 1): [0, 0, 0, 0, 0, 0, 0, -1, 209/72]
(4, 5): [0, 0, 0, 0, 0, 0, 0, 0, 126]
(5, 1, 1, 2): [0, 0, 0, 0, 0, 0, 0, -1/2, -749/18]
(1, 1, 1, 1, 2, 1, 1): [0, 0, 0, 0, 0, 0, 0, 0, 85/2]
(5, 1, 1, 1, 1): [0, 0, 0, 0, 0, 0, 0, 1, 3965/144]
(1, 1, 1, 1, 1, 2, 1): [0, 0, 0, 0, 0, 0, 0, 0, -35/2]
(1, 1, 1, 1, 1, 1, 2): [0, 0, 0, 0, 0, 0, 0, 0, 5]
(4, 4, 1): [0, 0, 0, 0, 0, 0, 0, 0, -135/2]
(4, 3, 2): [0, 0, 0, 0, 0, 0, 0, 0, -45]
(4, 2, 3): [0, 0, 0, 0, 0, 0, 0, 0, -105]
(4, 2, 1, 1, 1): [0, 0, 0, 0, 0, 0, 0, -2, -11107/144]
(4, 1, 4): [0, 0, 0, 0, 0, 0, 0, 0, 0]
(4, 3, 1, 1): [0, 0, 0, 0, 0, 0, 0, 1/2, 4697/72]
(4, 2, 2, 1): [0, 0, 0, 0, 0, 0, 0, 2, 3857/72]
(4, 2, 1, 2): [0, 0, 0, 0, 0, 0, 0, 1, 1813/18]
(4, 1, 3, 1): [0, 0, 0, 0, 0, 0, 0, 3/2, 127/12]
(4, 1, 1, 2, 1): [0, 0, 0, 0, 0, 0, 0, -3, -1709/48]
(4, 1, 2, 2): [0, 0, 0, 0, 0, 0, 0, 0, -357/8]
(1, 1, 1, 1, 1, 1, 1, 1): [0, 0, 0, 0, 0, 0, 0, 0, -1]
(3, 6): [0, 0, 0, 0, 0, 0, 0, 0, -84]
(4, 1, 1, 3): [0, 0, 0, 0, 0, 0, 0, -1, 3647/72]
(4, 1, 2, 1, 1): [0, 0, 0, 0, 0, 0, 0, -1/2, 2333/144]
(3, 5, 1): [0, 0, 0, 0, 0, 0, 0, 0, 75/2]
(3, 4, 2): [0, 0, 0, 0, 0, 0, 0, 0, 60]
(4, 1, 1, 1, 2): [0, 0, 0, 0, 0, 0, 0, 5/2, -1481/72]
(3, 3, 2, 1): [0, 0, 0, 0, 0, 0, 0, 2, 1591/36]
(3, 4, 1, 1): [0, 0, 0, 0, 0, 0, 0, -1, -2609/36]
(4, 1, 1, 1, 1, 1): [0, 0, 0, 0, 0, 0, 0, 1/2, 1889/72]
(3, 3, 3): [0, 0, 0, 0, 0, 0, 0, 0, 0]
(3, 3, 1, 2): [0, 0, 0, 0, 0, 0, 0, -1/2, -1579/36]
(3, 2, 4): [0, 0, 0, 0, 0, 0, 0, 0, 105]
(3, 2, 1, 3): [0, 0, 0, 0, 0, 0, 0, 2, -1567/18]
(3, 2, 3, 1): [0, 0, 0, 0, 0, 0, 0, -6, -292/3]
(3, 2, 1, 2, 1): [0, 0, 0, 0, 0, 0, 0, 6, 1891/48]
(3, 3, 1, 1, 1): [0, 0, 0, 0, 0, 0, 0, -1/2, 2333/144]
(3, 2, 2, 2): [0, 0, 0, 0, 0, 0, 0, 0, -54]
(3, 1, 3, 2): [0, 0, 0, 0, 0, 0, 0, 3, -43/3]
(3, 2, 2, 1, 1): [0, 0, 0, 0, 0, 0, 0, 4, 13133/144]
(3, 1, 5): [0, 0, 0, 0, 0, 0, 0, 0, -21]
(3, 1, 2, 3): [0, 0, 0, 0, 0, 0, 0, -2, 1567/18]
(3, 2, 1, 1, 2): [0, 0, 0, 0, 0, 0, 0, -5, 5239/72]
(3, 1, 4, 1): [0, 0, 0, 0, 0, 0, 0, -1/2, 251/9]
(3, 2, 1, 1, 1, 1): [0, 0, 0, 0, 0, 0, 0, -1, -5551/72]
(3, 1, 2, 1, 2): [0, 0, 0, 0, 0, 0, 0, -3, -1015/24]
(3, 1, 3, 1, 1): [0, 0, 0, 0, 0, 0, 0, -1, 85/144]
(3, 1, 2, 1, 1, 1): [0, 0, 0, 0, 0, 0, 0, 1/2, 4697/72]
(3, 1, 2, 2, 1): [0, 0, 0, 0, 0, 0, 0, 3/2, -3485/48]
(3, 1, 1, 2, 2): [0, 0, 0, 0, 0, 0, 0, -2, 1865/36]
(3, 1, 1, 4): [0, 0, 0, 0, 0, 0, 0, 1, -3647/72]
(2, 7): [0, 0, 0, 0, 0, 0, 0, 0, 36]
(3, 1, 1, 1, 2, 1): [0, 0, 0, 0, 0, 0, 0, -2, 821/36]
(2, 5, 2): [0, 0, 0, 0, 0, 0, 0, 0, 0]
(3, 1, 1, 3, 1): [0, 0, 0, 0, 0, 0, 0, 2, 5185/144]
(3, 1, 1, 1, 1, 2): [0, 0, 0, 0, 0, 0, 0, 3, -521/24]
(3, 1, 1, 1, 3): [0, 0, 0, 0, 0, 0, 0, 0, 0]
(2, 4, 3): [0, 0, 0, 0, 0, 0, 0, 0, -60]
(2, 6, 1): [0, 0, 0, 0, 0, 0, 0, 0, -45/2]
(3, 1, 1, 2, 1, 1): [0, 0, 0, 0, 0, 0, 0, -1, -2609/36]
(2, 4, 2, 1): [0, 0, 0, 0, 0, 0, 0, -5, 401/36]
(2, 3, 4): [0, 0, 0, 0, 0, 0, 0, 0, 45]
(2, 4, 1, 2): [0, 0, 0, 0, 0, 0, 0, -1, 2071/36]
(2, 5, 1, 1): [0, 0, 0, 0, 0, 0, 0, 5/2, 821/36]
(2, 3, 2, 2): [0, 0, 0, 0, 0, 0, 0, 0, -84]
(3, 1, 1, 1, 1, 1, 1): [0, 0, 0, 0, 0, 0, 0, 0, 27/2]
(2, 3, 1, 2, 1): [0, 0, 0, 0, 0, 0, 0, -9/2, -223/16]
(2, 3, 1, 1, 2): [0, 0, 0, 0, 0, 0, 0, 9, 131/8]
(2, 4, 1, 1, 1): [0, 0, 0, 0, 0, 0, 0, 3/2, -1709/48]
(2, 3, 3, 1): [0, 0, 0, 0, 0, 0, 0, 9/2, 1]
(2, 3, 1, 3): [0, 0, 0, 0, 0, 0, 0, -3, 43/3]
(2, 3, 1, 1, 1, 1): [0, 0, 0, 0, 0, 0, 0, -1, 209/72]
(2, 2, 4, 1): [0, 0, 0, 0, 0, 0, 0, 3, 122/3]
(2, 2, 5): [0, 0, 0, 0, 0, 0, 0, 0, -81]
(2, 3, 2, 1, 1): [0, 0, 0, 0, 0, 0, 0, -3, 1891/48]
(2, 2, 2, 3): [0, 0, 0, 0, 0, 0, 0, 0, 54]
(2, 2, 3, 1, 1): [0, 0, 0, 0, 0, 0, 0, -3, -3485/48]
(2, 2, 1, 4): [0, 0, 0, 0, 0, 0, 0, 0, 357/8]
(2, 2, 3, 2): [0, 0, 0, 0, 0, 0, 0, 0, 84]
(2, 2, 1, 3, 1): [0, 0, 0, 0, 0, 0, 0, -9/2, -595/16]
(2, 2, 1, 1, 3): [0, 0, 0, 0, 0, 0, 0, 2, -1865/36]
(2, 2, 2, 2, 1): [0, 0, 0, 0, 0, 0, 0, 0, -255/16]
(2, 2, 2, 1, 2): [0, 0, 0, 0, 0, 0, 0, 0, -765/8]
(2, 2, 1, 1, 2, 1): [0, 0, 0, 0, 0, 0, 0, 4, 401/36]
(2, 1, 6): [0, 0, 0, 0, 0, 0, 0, 0, 24]
(2, 2, 1, 2, 2): [0, 0, 0, 0, 0, 0, 0, 0, 0]
(2, 2, 2, 1, 1, 1): [0, 0, 0, 0, 0, 0, 0, 2, 3857/72]
(2, 2, 1, 1, 1, 2): [0, 0, 0, 0, 0, 0, 0, -6, 1399/24]
(2, 1, 5, 1): [0, 0, 0, 0, 0, 0, 0, -2, -167/72]
(2, 2, 1, 2, 1, 1): [0, 0, 0, 0, 0, 0, 0, 2, 1591/36]
(2, 1, 3, 3): [0, 0, 0, 0, 0, 0, 0, 1/2, 1579/36]
(2, 2, 1, 1, 1, 1, 1): [0, 0, 0, 0, 0, 0, 0, 0, -93/2]
(2, 1, 2, 4): [0, 0, 0, 0, 0, 0, 0, -1, -1813/18]
(2, 1, 3, 2, 1): [0, 0, 0, 0, 0, 0, 0, 9, -595/16]
(2, 1, 4, 2): [0, 0, 0, 0, 0, 0, 0, 1, -2071/36]
(2, 1, 4, 1, 1): [0, 0, 0, 0, 0, 0, 0, -5/2, 5185/144]
(2, 1, 2, 2, 1, 1): [0, 0, 0, 0, 0, 0, 0, 3, -292/3]
(2, 1, 2, 1, 3): [0, 0, 0, 0, 0, 0, 0, 3, 1015/24]
(2, 1, 3, 1, 2): [0, 0, 0, 0, 0, 0, 0, 0, 0]
(2, 1, 2, 1, 2, 1): [0, 0, 0, 0, 0, 0, 0, 9/2, 1]
(2, 1, 2, 3, 1): [0, 0, 0, 0, 0, 0, 0, -9/2, 935/16]
(2, 1, 2, 2, 2): [0, 0, 0, 0, 0, 0, 0, 0, 765/8]
(2, 1, 3, 1, 1, 1): [0, 0, 0, 0, 0, 0, 0, -3, 127/12]
(2, 1, 2, 1, 1, 2): [0, 0, 0, 0, 0, 0, 0, -7, -1567/18]
(2, 1, 1, 3, 2): [0, 0, 0, 0, 0, 0, 0, -9, -131/8]
(2, 1, 1, 4, 1): [0, 0, 0, 0, 0, 0, 0, 4, -4633/144]
(2, 1, 1, 5): [0, 0, 0, 0, 0, 0, 0, 1/2, 749/18]
(2, 1, 1, 2, 3): [0, 0, 0, 0, 0, 0, 0, 5, -5239/72]
(2, 1, 1, 1, 4): [0, 0, 0, 0, 0, 0, 0, -5/2, 1481/72]
(2, 1, 2, 1, 1, 1, 1): [0, 0, 0, 0, 0, 0, 0, 0, 117/2]
(2, 1, 1, 2, 2, 1): [0, 0, 0, 0, 0, 0, 0, -15, 122/3]
(2, 1, 1, 1, 3, 1): [0, 0, 0, 0, 0, 0, 0, 5/2, -167/72]
(2, 1, 1, 3, 1, 1): [0, 0, 0, 0, 0, 0, 0, 4, 251/9]
(2, 1, 1, 1, 2, 2): [0, 0, 0, 0, 0, 0, 0, 6, -1399/24]
(2, 1, 1, 1, 1, 3): [0, 0, 0, 0, 0, 0, 0, -3, 521/24]
(2, 1, 1, 2, 1, 2): [0, 0, 0, 0, 0, 0, 0, 7, 1567/18]
(1, 8): [0, 0, 0, 0, 0, 0, 0, 0, -9]
(2, 1, 1, 1, 2, 1, 1): [0, 0, 0, 0, 0, 0, 0, 0, 75/2]
(2, 1, 1, 1, 1, 2, 1): [0, 0, 0, 0, 0, 0, 0, 0, -45/2]
(2, 1, 1, 2, 1, 1, 1): [0, 0, 0, 0, 0, 0, 0, 0, -135/2]
(1, 7, 1): [0, 0, 0, 0, 0, 0, 0, 0, 0]
(2, 1, 1, 1, 1, 1, 1, 1): [0, 0, 0, 0, 0, 0, 0, 0, 9]
(2, 1, 1, 1, 1, 1, 2): [0, 0, 0, 0, 0, 0, 0, 0, 0]
(1, 5, 3): [0, 0, 0, 0, 0, 0, 0, 0, -75/2]
(1, 4, 4): [0, 0, 0, 0, 0, 0, 0, 0, 135/2]
(1, 6, 2): [0, 0, 0, 0, 0, 0, 0, 0, 45/2]
(1, 6, 1, 1): [0, 0, 0, 0, 0, 0, 0, -3/2, -521/24]
(1, 5, 2, 1): [0, 0, 0, 0, 0, 0, 0, 3, 1399/24]
(1, 5, 1, 2): [0, 0, 0, 0, 0, 0, 0, 2, 167/72]
(1, 4, 1, 3): [0, 0, 0, 0, 0, 0, 0, 1/2, -251/9]
(1, 4, 3, 1): [0, 0, 0, 0, 0, 0, 0, -5/2, -1567/18]
(1, 4, 2, 2): [0, 0, 0, 0, 0, 0, 0, -3, -122/3]
(1, 5, 1, 1, 1): [0, 0, 0, 0, 0, 0, 0, -2, -1481/72]
(1, 4, 1, 2, 1): [0, 0, 0, 0, 0, 0, 0, 9/2, 131/8]
(1, 4, 2, 1, 1): [0, 0, 0, 0, 0, 0, 0, 4, 5239/72]
(1, 3, 5): [0, 0, 0, 0, 0, 0, 0, 0, -117/2]
(1, 3, 3, 2): [0, 0, 0, 0, 0, 0, 0, -9/2, -1]
(1, 4, 1, 1, 2): [0, 0, 0, 0, 0, 0, 0, -4, 4633/144]
(1, 3, 4, 1): [0, 0, 0, 0, 0, 0, 0, 5/2, 1567/18]
(1, 3, 2, 1, 2): [0, 0, 0, 0, 0, 0, 0, 9/2, -935/16]
(1, 3, 2, 3): [0, 0, 0, 0, 0, 0, 0, 6, 292/3]
(1, 4, 1, 1, 1, 1): [0, 0, 0, 0, 0, 0, 0, -1/2, -749/18]
(1, 3, 3, 1, 1): [0, 0, 0, 0, 0, 0, 0, 3/2, -1015/24]
(1, 3, 2, 2, 1): [0, 0, 0, 0, 0, 0, 0, -27/2, -765/8]
(1, 3, 1, 3, 1): [0, 0, 0, 0, 0, 0, 0, 0, 0]
(1, 3, 1, 4): [0, 0, 0, 0, 0, 0, 0, -3/2, -127/12]
(1, 3, 2, 1, 1, 1): [0, 0, 0, 0, 0, 0, 0, 1, 1813/18]
(1, 3, 1, 1, 3): [0, 0, 0, 0, 0, 0, 0, -2, -5185/144]
(1, 2, 6): [0, 0, 0, 0, 0, 0, 0, 0, 93/2]
(1, 3, 1, 2, 2): [0, 0, 0, 0, 0, 0, 0, 9/2, 595/16]
(1, 2, 5, 1): [0, 0, 0, 0, 0, 0, 0, -3, -1399/24]
(1, 3, 1, 1, 2, 1): [0, 0, 0, 0, 0, 0, 0, 7/2, 2071/36]
(1, 2, 3, 3): [0, 0, 0, 0, 0, 0, 0, -2, -1591/36]
(1, 3, 1, 2, 1, 1): [0, 0, 0, 0, 0, 0, 0, -1/2, -1579/36]
(1, 2, 3, 2, 1): [0, 0, 0, 0, 0, 0, 0, 0, 0]
(1, 3, 1, 1, 1, 2): [0, 0, 0, 0, 0, 0, 0, -5/2, 167/72]
(1, 2, 4, 2): [0, 0, 0, 0, 0, 0, 0, 5, -401/36]
(1, 2, 2, 4): [0, 0, 0, 0, 0, 0, 0, -2, -3857/72]
(1, 2, 3, 1, 1, 1): [0, 0, 0, 0, 0, 0, 0, 9/2, -357/8]
(1, 3, 1, 1, 1, 1, 1): [0, 0, 0, 0, 0, 0, 0, 0, -24]
(1, 2, 4, 1, 1): [0, 0, 0, 0, 0, 0, 0, 5/2, 1865/36]
(1, 2, 2, 3, 1): [0, 0, 0, 0, 0, 0, 0, 27/2, 765/8]
(1, 2, 3, 1, 2): [0, 0, 0, 0, 0, 0, 0, -9, 595/16]
(1, 2, 2, 2, 1, 1): [0, 0, 0, 0, 0, 0, 0, -9, -54]
(1, 2, 2, 1, 1, 2): [0, 0, 0, 0, 0, 0, 0, 15, -122/3]
(1, 2, 2, 2, 2): [0, 0, 0, 0, 0, 0, 0, 0, 255/16]
(1, 2, 2, 1, 1, 1, 1): [0, 0, 0, 0, 0, 0, 0, 0, 81]
(1, 2, 2, 1, 3): [0, 0, 0, 0, 0, 0, 0, -3/2, 3485/48]
(1, 2, 1, 3, 2): [0, 0, 0, 0, 0, 0, 0, 9/2, 223/16]
(1, 2, 1, 5): [0, 0, 0, 0, 0, 0, 0, 1, -209/72]
(1, 2, 1, 2, 3): [0, 0, 0, 0, 0, 0, 0, -6, -1891/48]
(1, 2, 2, 1, 2, 1): [0, 0, 0, 0, 0, 0, 0, -27/2, -84]
(1, 2, 1, 4, 1): [0, 0, 0, 0, 0, 0, 0, -9/2, -131/8]
(1, 2, 1, 3, 1, 1): [0, 0, 0, 0, 0, 0, 0, -3/2, -43/3]
(1, 2, 1, 2, 1, 1, 1): [0, 0, 0, 0, 0, 0, 0, 0, -45]
(1, 2, 1, 1, 3, 1): [0, 0, 0, 0, 0, 0, 0, -7/2, -2071/36]
(1, 2, 1, 1, 2, 1, 1): [0, 0, 0, 0, 0, 0, 0, 0, 60]
(1, 2, 1, 1, 4): [0, 0, 0, 0, 0, 0, 0, 3, 1709/48]
(1, 1, 7): [0, 0, 0, 0, 0, 0, 0, 0, -27/2]
(1, 1, 6, 1): [0, 0, 0, 0, 0, 0, 0, 3/2, 521/24]
(1, 2, 1, 1, 2, 2): [0, 0, 0, 0, 0, 0, 0, -4, -401/36]
(1, 2, 1, 1, 1, 3): [0, 0, 0, 0, 0, 0, 0, 2, -821/36]
(1, 2, 1, 2, 2, 1): [0, 0, 0, 0, 0, 0, 0, 27/2, 84]
(1, 2, 1, 1, 1, 1, 1, 1): [0, 0, 0, 0, 0, 0, 0, 0, -36]
(1, 2, 1, 1, 1, 2, 1): [0, 0, 0, 0, 0, 0, 0, 0, 0]
(1, 1, 5, 1, 1): [0, 0, 0, 0, 0, 0, 0, 0, 0]
(1, 1, 5, 2): [0, 0, 0, 0, 0, 0, 0, -5/2, -821/36]
(1, 2, 1, 1, 1, 1, 2): [0, 0, 0, 0, 0, 0, 0, 0, 45/2]
(1, 1, 3, 4): [0, 0, 0, 0, 0, 0, 0, -1/2, -4697/72]
(1, 1, 4, 1, 1, 1): [0, 0, 0, 0, 0, 0, 0, -1, 3647/72]
(1, 2, 1, 2, 1, 2): [0, 0, 0, 0, 0, 0, 0, -9/2, -1]
(1, 1, 3, 2, 2): [0, 0, 0, 0, 0, 0, 0, 3, 3485/48]
(1, 1, 4, 2, 1): [0, 0, 0, 0, 0, 0, 0, -5/2, -1865/36]
(1, 1, 4, 1, 2): [0, 0, 0, 0, 0, 0, 0, 5/2, -5185/144]
(1, 1, 4, 3): [0, 0, 0, 0, 0, 0, 0, 1, 2609/36]
(1, 1, 3, 1, 2, 1): [0, 0, 0, 0, 0, 0, 0, 3/2, 43/3]
(1, 1, 3, 3, 1): [0, 0, 0, 0, 0, 0, 0, -3/2, 1015/24]
(1, 1, 2, 5): [0, 0, 0, 0, 0, 0, 0, 1, 5551/72]
(1, 1, 3, 1, 1, 2): [0, 0, 0, 0, 0, 0, 0, -4, -251/9]
(1, 1, 3, 1, 3): [0, 0, 0, 0, 0, 0, 0, 1, -85/144]
(1, 1, 2, 3, 1, 1): [0, 0, 0, 0, 0, 0, 0, -2, 1567/18]
(1, 1, 3, 2, 1, 1): [0, 0, 0, 0, 0, 0, 0, 2, -1567/18]
(1, 1, 2, 2, 3): [0, 0, 0, 0, 0, 0, 0, -4, -13133/144]
(1, 1, 2, 4, 1): [0, 0, 0, 0, 0, 0, 0, -4, -5239/72]
(1, 1, 2, 2, 1, 2): [0, 0, 0, 0, 0, 0, 0, -3, 292/3]
(1, 1, 2, 3, 2): [0, 0, 0, 0, 0, 0, 0, 3, -1891/48]
(1, 1, 3, 1, 1, 1, 1): [0, 0, 0, 0, 0, 0, 0, 0, 21]
(1, 1, 2, 2, 1, 1, 1): [0, 0, 0, 0, 0, 0, 0, 0, -105]
(1, 1, 2, 1, 3, 1): [0, 0, 0, 0, 0, 0, 0, 1/2, 1579/36]
(1, 1, 2, 1, 2, 2): [0, 0, 0, 0, 0, 0, 0, -2, -1591/36]
(1, 1, 2, 2, 2, 1): [0, 0, 0, 0, 0, 0, 0, 9, 54]
(1, 1, 2, 1, 1, 3): [0, 0, 0, 0, 0, 0, 0, 1, 2609/36]
(1, 1, 2, 1, 4): [0, 0, 0, 0, 0, 0, 0, 1/2, -2333/144]
(1, 1, 2, 1, 2, 1, 1): [0, 0, 0, 0, 0, 0, 0, 0, 0]
(1, 1, 2, 1, 1, 2, 1): [0, 0, 0, 0, 0, 0, 0, 0, -60]
(1, 1, 1, 6): [0, 0, 0, 0, 0, 0, 0, -1/2, -1889/72]
(1, 1, 1, 5, 1): [0, 0, 0, 0, 0, 0, 0, 2, 1481/72]
(1, 1, 1, 4, 2): [0, 0, 0, 0, 0, 0, 0, -3/2, 1709/48]
(1, 1, 1, 3, 3): [0, 0, 0, 0, 0, 0, 0, 1/2, -2333/144]
(1, 1, 1, 2, 4): [0, 0, 0, 0, 0, 0, 0, 2, 11107/144]
(1, 1, 1, 3, 1, 2): [0, 0, 0, 0, 0, 0, 0, 3, -127/12]
(1, 1, 1, 3, 1, 1, 1): [0, 0, 0, 0, 0, 0, 0, 0, 0]
(1, 1, 1, 2, 3, 1): [0, 0, 0, 0, 0, 0, 0, -1, -1813/18]
(1, 1, 1, 4, 1, 1): [0, 0, 0, 0, 0, 0, 0, 1, -3647/72]
(1, 1, 2, 1, 1, 1, 1, 1): [0, 0, 0, 0, 0, 0, 0, 0, 84]
(1, 1, 1, 2, 2, 2): [0, 0, 0, 0, 0, 0, 0, -2, -3857/72]
(1, 1, 1, 3, 2, 1): [0, 0, 0, 0, 0, 0, 0, -9/2, 357/8]
(1, 1, 1, 2, 2, 1, 1): [0, 0, 0, 0, 0, 0, 0, 0, 105]
(1, 1, 1, 2, 1, 3): [0, 0, 0, 0, 0, 0, 0, -1/2, -4697/72]
(1, 1, 1, 2, 1, 1, 2): [0, 0, 0, 0, 0, 0, 0, 0, 135/2]
(1, 1, 1, 2, 1, 1, 1, 1): [0, 0, 0, 0, 0, 0, 0, 0, -126]
(1, 1, 2, 1, 1, 1, 2): [0, 0, 0, 0, 0, 0, 0, 0, -75/2]
(1, 1, 1, 1, 3, 2): [0, 0, 0, 0, 0, 0, 0, 1, -209/72]
(1, 1, 1, 1, 2, 3): [0, 0, 0, 0, 0, 0, 0, 1, 5551/72]
(1, 1, 1, 1, 5): [0, 0, 0, 0, 0, 0, 0, -1, -3965/144]
(1, 1, 1, 1, 2, 2, 1): [0, 0, 0, 0, 0, 0, 0, 0, -81]
(1, 1, 1, 2, 1, 2, 1): [0, 0, 0, 0, 0, 0, 0, 0, 45]
(1, 1, 1, 1, 2, 1, 2): [0, 0, 0, 0, 0, 0, 0, 0, -117/2]
(1, 1, 1, 1, 4, 1): [0, 0, 0, 0, 0, 0, 0, 1/2, 749/18]
(1, 1, 1, 1, 2, 1, 1, 1): [0, 0, 0, 0, 0, 0, 0, 0, 126]
(1, 1, 1, 1, 1, 3, 1): [0, 0, 0, 0, 0, 0, 0, 0, 24]
(1, 1, 1, 1, 3, 1, 1): [0, 0, 0, 0, 0, 0, 0, 0, -21]
(1, 1, 1, 1, 1, 2, 2): [0, 0, 0, 0, 0, 0, 0, 0, 93/2]
(1, 1, 1, 1, 1, 4): [0, 0, 0, 0, 0, 0, 0, -1/2, -1889/72]
(1, 1, 1, 1, 1, 1, 3): [0, 0, 0, 0, 0, 0, 0, 0, -27/2]
(1, 1, 1, 1, 1, 1, 2, 1): [0, 0, 0, 0, 0, 0, 0, 0, 36]
(1, 1, 1, 1, 1, 1, 1, 2): [0, 0, 0, 0, 0, 0, 0, 0, -9]
(1, 1, 1, 1, 1, 2, 1, 1): [0, 0, 0, 0, 0, 0, 0, 0, -84]
(1, 1, 1, 1, 1, 1, 1, 1, 1): [0, 0, 0, 0, 0, 0, 0, 0, 0]

# MHS basis
()
(2, 1)
(4, 1)
(4, 1, 1)
(6, 1)
(5, 2, 1)
(6, 1, 1)
(6, 1, 1, 1)
(8, 1)

# MZV monomials to MHS basis
[1, 0, 0, 0, 0, 0, 0, 0, 0]
[0, 1/3, -11/30, 1/45, 2003/5040, 4409/75600, -211/5400, 841/9450, -2663219/12247200]
[0, 0, 1/5, -2/15, -323/840, -1049/12600, -29/900, -1/1575, 1748459/2041200]
[0, 0, 0, -2/3, 109/168, -2153/2520, -413/180, 263/315, -948517/408240]
[0, 0, 0, 0, 1/7, -1/105, -2/15, 8/105, -13859/17010]
[0, 0, 0, 0, 0, 1/15, -1/15, 2/15, -271/1080]
[0, 0, 0, 0, 0, -5/6, -5/3, 0, 55/972]
[0, 0, 0, 0, 0, 0, 0, 2, -1889/324]
[0, 0, 0, 0, 0, 0, 0, 0, 1/9]

